-4595
-4077
702
4079
2456
348
763
1280
1420
1024
-367
-1364
-1039
555
1861
1751
762
38
167
921
1683
1806
1072
506
578
1215
2241
2407
1952
1431
1158
1278
1418
1317
989
566
429
810
1258
1512
1420
1254
959
820
1023
1002
757
54
-626
-756
-743
-685
-693
-881
-972
-931
-787
-623
-663
-773
-994
-889
-209
-389
-811
-768
-723
-456
-276
71
392
217
-326
-885
-1477
-1846
-1890
-1644
-1628
-1491
-842
-60
633
1269
1451
1041
760
480
747
1118
1340
1656
1978
2270
2567
2843
2633
1657
323
-588
-1053
-552
398
1143
1714
1806
1657
1420
921
345
-77
-313
-510
-609
-594
-486
-406
-478
-204
121
304
540
436
340
231
-69
-162
-661
-1328
-1456
-1404
-1011
-403
-194
44
124
96
-171
-867
-1991
-3298
-4090
-4455
-4787
-4745
-4537
-4727
-4965
-5340
-5703
-5717
-5869
-6334
-6557
-6732
-6770
-6581
-6779
-7112
-7187
-7121
-6872
-6245
-5534
-4658
-3386
-1933
-381
691
1211
1342
1241
1188
1484
1637
1870
2172
2415
3045
3925
4747
5531
5855
5752
5425
4573
3529
2640
2278
2682
3168
3661
4271
4794
4733
4050
3036
1951
1075
307
113
653
1356
2359
3636
4098
4246
3984
2999
1756
546
-106
-385
-254
304
1110
2007
2829
3855
4634
5172
5332
4806
4001
2560
1031
652
1001
1399
1794
2017
2263
2814
3332
3934
4132
3851
3771
3391
3261
2771
1861
981
125
-438
-696
-570
-228
272
1102
1946
2636
3062
3057
2929
2771
2561
2483
2405
2454
2906
3477
4436
5389
5952
6167
6179
6021
5948
5766
5196
4316
2696
890
-324
-1307
-1930
-2754
-4307
-5906
-7081
-7762
-7913
-7811
-7465
-7182
-7384
-7991
-9113
-10352
-10948
-10117
-8624
-7301
-6426
-6103
-5562
-5433
-5844
-6514
-7756
-9662
-11534
-12892
-13426
-13191
-12367
-10996
-8613
-6083
-4514
-3649
-3118
-2654
-2316
-2386
-2821
-3702
-4613
-4812
-4284
-3060
-1397
657
2883
4820
6355
7021
6884
6230
5367
4604
4328
3841
3105
2609
2443
2501
2432
2216
1669
1582
2365
3814
5014
4881
3660
2058
962
618
310
352
1086
1995
3008
3256
3162
2937
2100
1030
-257
-1147
-1344
-407
1249
2828
3507
3346
3150
3086
2686
2628
3710
4490
4475
4248
3634
2141
271
-1106
-1923
-2179
-2380
-2650
-2678
-2543
-1674
-632
-25
882
1676
2034
1038
-1005
-1532
52
2808
4796
4690
2519
-636
-3063
-3573
-3594
-3476
-2051
316
2124
2825
2352
524
-671
-12
732
466
-1006
-2907
-3411
-2580
-1240
-436
-377
-729
-671
677
2282
3768
4830
5353
5333
4864
4319
2977
197
-3503
-6868
-8530
-8772
-8202
-7735
-7549
-7615
-8904
-9849
-5772
1715
3654
-710
-3290
-1609
1586
3868
3690
2803
2842
4024
6172
6764
4329
728
-1363
-1412
-934
-908
-1828
-3393
-4042
-2463
247
2235
2567
1686
497
-1255
-2440
-2312
-1074
602
1563
1753
1588
706
-1187
-3305
-4961
-5518
-4522
-3254
-2906
-2173
534
3847
4777
2757
234
-1462
-1816
127
2975
4226
3714
1021
-3624
-6386
-5161
-1561
2408
5718
7294
7094
5704
3760
2143
649
-1009
-2337
-2897
-2486
-2517
-3666
-3393
-1236
1683
3900
3725
2433
2469
3692
4852
5704
4921
3437
2059
688
-429
-2091
-3801
-5070
-5421
-3883
-1503
-277
-1348
-2936
-2568
-1250
-682
-1113
-2034
-2297
-1676
-616
872
1466
1635
2073
2338
3062
4137
4366
3981
3508
3877
4652
4190
1956
370
865
1920
1734
364
-639
-749
-1377
-2582
-3136
-4201
-4461
-1714
1961
4852
6944
7050
4065
-656
-4214
-6005
-6743
-6042
-5516
-5629
-5077
-2937
275
2838
4405
5164
5553
5733
4946
3273
1110
-2131
-5400
-6107
-4813
-4228
-5380
-6484
-5063
-1632
1422
3144
2513
687
-1078
-3119
-5554
-5048
1184
6565
6146
3778
3556
5153
5737
3628
15
-1147
328
2509
3821
2945
-388
-3786
-4631
-2938
350
2263
789
-1695
-2734
-3038
-4565
-6937
-7609
-4693
953
5209
5851
4415
2496
-860
-4722
-5657
-3478
128
3023
4861
6487
7308
7423
7152
4942
1053
-2303
-3967
-3683
-3731
-4816
-5180
-4917
-5523
-6331
-4551
-154
3398
3820
3071
3543
4536
4331
1661
-1060
-659
2375
6385
7967
5302
1415
-238
400
1446
3685
5288
3296
27
-2778
-4143
-2638
134
584
-661
-2632
-6062
-9908
-10792
-9380
-8936
-9322
-9096
-7224
-6295
-8407
-10188
-8100
-3603
758
4391
6981
8641
11113
13091
12558
10516
7579
4601
1577
-1011
-1357
-705
-1971
-4740
-6104
-4599
-969
2452
4379
3391
2
-1499
-720
-1915
-5535
-7953
-6092
200
6587
8755
8295
6281
2436
-1278
-3854
-4834
-5087
-5832
-4961
-1018
2764
3476
3589
5354
7795
8574
7242
5308
3125
1551
2566
6531
9607
9211
7540
6276
5056
3691
46
-7428
-14820
-18646
-18751
-15239
-9719
-4644
-859
1923
4096
5605
6443
5458
1997
-2380
-5282
-5956
-5024
-3215
-2964
-4879
-5339
-3052
80
1597
1944
3321
5857
7183
5377
1143
-2117
-3081
-3334
-3206
-1801
-125
1900
4698
5497
2108
-3386
-5305
-1098
4148
4205
-249
-4875
-5992
-3367
460
3364
3758
1665
-1228
-2960
-3521
-3951
-4497
-4931
-3538
632
3247
1432
-1318
-1744
-418
393
635
915
1689
3381
4687
5185
5286
3321
-1818
-8277
-13541
-14492
-10266
-4292
-1780
-1850
-484
2169
4237
5154
6504
6901
4268
1015
-675
111
4002
7762
7969
4701
1673
1395
3234
4965
4563
2044
-2050
-7523
-12734
-14013
-9737
-2579
3011
5636
7208
9113
9737
8810
7291
4896
961
-4334
-8520
-9731
-9198
-7929
-5798
-2443
2089
4985
3426
-1414
-3183
713
3393
1691
-1003
-3046
-3411
-2468
-1728
-1387
-290
2076
4157
5128
5133
3855
2059
1107
1673
3310
5764
9057
12219
14141
14089
12520
10200
7970
5765
3211
681
-2277
-4660
-4400
-1999
971
3088
3243
1432
-851
-2107
-2254
-1592
-1202
-1742
-1809
-1742
-2476
-3607
-5048
-6849
-8695
-10038
-10265
-9558
-7448
-3541
835
3708
4811
4591
2165
-3091
-8601
-11758
-11903
-10090
-7931
-5667
-3538
-1797
-564
-797
-1734
-2932
-4942
-7392
-8640
-7182
-5266
-3915
-1915
1274
5989
10937
14560
15480
13332
8251
2271
-1190
-2581
-4823
-7453
-6874
163
9157
11132
4158
-6881
-15760
-16958
-11897
-7424
-5965
-5792
-6014
-7448
-8719
-6977
-2634
2043
4929
4699
2541
1844
5386
10183
11686
9386
6068
4807
4751
3492
1101
163
1976
5165
8142
9059
6850
2460
-1448
-2984
-2813
-2117
-2109
-3047
-3722
-4176
-4234
-2700
794
5057
8201
8892
6763
2329
-2588
-5809
-4125
1833
4074
-126
-3851
-3539
-1910
-1760
-3376
-4117
-2571
-432
1010
2031
1418
-512
-2094
-4019
-6436
-7649
-5948
-1778
1888
4283
6345
7940
7037
2479
-2633
-5175
-4452
-1949
221
2181
3181
1956
18
-1547
-2371
-2714
-3139
-3413
-2992
-1807
-1317
-2390
-3427
-2355
-470
101
-870
-2669
-3633
-3061
-3538
-5743
-7755
-8397
-7078
-4199
-778
3140
7008
8595
7447
5134
3237
2059
1233
456
505
2329
5687
10002
13070
13563
12621
10514
7061
2909
-118
-1093
-1849
-2884
-2853
-1389
1302
5395
11003
17083
22947
26902
27612
24576
17963
9026
-1185
-11239
-19113
-24513
-28092
-30406
-32268
-32768
-32639
-31973
-31522
-32617
-32768
-32762
-32756
-32221
-28833
-21310
-12575
-2855
7598
16742
23989
29043
31484
31660
31133
30262
29323
28372
26673
24265
21569
18306
14846
11642
8831
6687
4834
2251
-1043
-4402
-7097
-8900
-9959
-9740
-8479
-6750
-4830
-3684
-3406
-2907
-1727
225
2552
4391
5105
5042
4141
2614
1193
-302
-1780
-3082
-3913
-3775
-2874
-1629
-314
1341
2738
3046
2855
2672
3222
4279
4784
4302
3201
2449
2370
1998
1485
661
-604
-1440
-2036
-2106
-1781
-2037
-2833
-3569
-4322
-4738
-4776
-4686
-4226
-3255
-2504
-1815
-1320
-1372
-1689
-2125
-2862
-2970
-2059
-1145
-719
-1063
-1685
-2100
-2208
-2363
-2896
-3505
-3858
-3290
-1877
-395
1031
1723
1672
1480
509
-1100
-2506
-3386
-3219
-1661
565
2939
4988
5978
5815
4888
3207
1244
-840
-2809
-4081
-4408
-3599
-1965
-591
266
720
637
654
705
909
1743
2802
3487
3658
3686
3804
4074
4024
3278
2286
1783
1953
2586
3226
3000
2228
1399
590
596
1136
1814
2505
2716
2230
1619
707
-357
-1350
-2448
-2851
-2451
-971
1435
3945
6166
7390
7620
6924
5023
3191
1677
760
801
1451
3011
4580
6327
7676
7627
6697
5200
3550
2578
2194
2044
2286
2323
2361
2651
2905
3052
2828
2117
1169
363
19
173
521
885
1138
385
-1350
-3338
-4999
-5572
-5464
-4956
-3943
-2705
-1768
-1247
-1212
-1197
-1205
-1387
-2164
-3258
-4035
-4364
-4243
-4376
-4582
-4534
-3995
-2609
-1037
246
1426
2007
1964
1374
287
-1165
-2222
-2306
-1730
-738
400
1144
2007
2229
1467
442
-1121
-2499
-3541
-4117
-3817
-2867
-1579
114
1513
2137
2224
1407
-651
-2910
-4972
-6667
-7155
-6643
-5029
-2588
68
2209
3187
3340
2609
1603
639
-370
-514
-412
-430
-385
-1652
-4794
-6748
-2860
3148
3553
445
-773
783
3177
3740
1857
-363
-899
62
1315
1458
296
-1178
-1714
-1142
-267
139
-405
-1213
-1462
-676
869
2156
2291
1495
796
478
551
307
-811
-1925
-2545
-2458
-1650
-960
-723
-498
-278
-196
108
217
160
30
-228
-576
-708
-902
-1706
-2816
-4100
-4690
-4281
-2994
-1344
-232
624
1343
1564
1268
290
-962
-2129
-2918
-3161
-3170
-3311
-3755
-4476
-5330
-6305
-7298
-8160
-8865
-9514
-9894
-9866
-9836
-9782
-9901
-10446
-11246
-12144
-12979
-13517
-13815
-13675
-13080
-12533
-11890
-11222
-10720
-10419
-10199
-9656
-8891
-7405
-5459
-3506
-1748
-997
-963
204
4097
6934
5716
4491
5703
9172
13561
16782
18993
20987
22603
23788
23712
22241
20133
18035
17072
17216
17706
18498
19055
19102
18932
18299
17396
16312
14850
13043
11004
8954
7519
6053
4501
3910
4172
4433
4092
3113
1137
-1398
-3594
-5310
-6025
-5988
-5841
-5378
-4549
-3724
-2795
-2092
-2496
-3681
-5371
-7284
-8859
-10018
-10585
-9932
-8297
-6735
-4981
-3818
-3717
-3908
-4725
-5836
-6456
-6491
-5791
-4993
-4030
-3292
-2982
-3108
-3698
-4238
-4673
-4971
-5147
-5132
-4940
-4787
-4417
-3839
-3110
-1957
-840
-158
32
-630
-2129
-3904
-5724
-7111
-7598
-7332
-6083
-4252
-1980
208
1953
3316
3575
3039
1989
972
216
-623
-1012
-1008
-716
194
1093
1664
2188
2526
2738
3008
3292
3628
3704
3160
2050
1008
462
696
1246
2089
3319
4757
6407
7985
8666
8783
8275
7033
5922
4959
4466
4437
4809
4965
4407
3733
3212
2620
2051
1636
1221
1062
888
1679
2371
690
-1422
-1226
565
-34
-4222
-6906
-3280
2728
4778
3410
2317
2101
1260
-944
-3105
-4533
-4518
-2905
-1078
250
892
952
657
-420
-2442
-4933
-7150
-8092
-7523
-6136
-4340
-2971
-2255
-2289
-2535
-2655
-3030
-3374
-3738
-4044
-3711
-2432
-557
1489
3456
4644
4942
4533
3305
2194
1789
1814
2252
2026
1287
454
-446
-1222
-1644
-1456
-538
650
1350
1051
227
225
1221
2794
3917
3976
3163
2226
1810
1818
2061
2162
1986
2035
2502
3465
4842
5616
5531
4412
2536
-153
-3361
-6566
-8821
-9061
-7964
-6258
-4700
-3959
-3860
-3561
-3091
-2876
-3284
-3943
-4061
-3969
-4085
-4222
-3535
-1856
183
1784
2290
2201
1978
1693
1369
795
337
819
1953
3389
4931
6246
6867
6698
5708
4264
3470
2994
2714
2586
2146
1362
-263
-2221
-3617
-4315
-3684
-2029
-336
1282
2545
2957
2313
566
-2079
-4756
-6673
-7886
-8774
-9453
-9794
-8932
-5464
-1084
-10
-1231
-1708
-1380
-825
-1304
-2704
-3309
-3003
-1852
-977
-1251
-2240
-3161
-3380
-2362
-619
1061
2104
2364
2429
2563
2747
2401
1300
342
120
784
1959
3134
4048
5022
5998
6419
5807
4376
2875
2308
2608
2527
1339
-1080
-3796
-5557
-6045
-5188
-3135
-620
1819
3768
4837
4891
4644
4078
2860
1068
-858
-1833
-1596
-939
-271
340
1352
2571
3313
3599
3075
2756
3341
3850
4396
4854
4042
2879
2190
1220
982
1355
2164
3442
4472
4644
3635
2061
-120
-2115
-3797
-5014
-5339
-5400
-4846
-3948
-2792
-1612
-1011
-560
-549
-824
-818
-824
-287
584
1592
2684
2963
2394
1010
-810
-2857
-4372
-5321
-5648
-5422
-5052
-4279
-3284
-2265
-1655
-1646
-2362
-3469
-4780
-5850
-6357
-6576
-6067
-5535
-5073
-4751
-5136
-5873
-6938
-8007
-8290
-7965
-7072
-6081
-4615
-2529
-459
1867
3886
5260
6181
6571
6660
6818
7455
8180
8823
9640
9424
8885
8641
8259
7938
7132
6261
5564
4754
3603
1711
-192
-1919
-3493
-4649
-5839
-6731
-7176
-7332
-6835
-6489
-6386
-5880
-5230
-4292
-3116
-1413
348
2064
3803
5167
6338
7482
8240
8297
7908
6998
6049
5664
6069
7062
8961
11326
13631
15612
16532
16847
16225
14462
12178
9839
7798
6151
4862
3843
2987
2393
2191
1658
642
-571
-1978
-3514
-4842
-5825
-6605
-6997
-7272
-7186
-6941
-6721
-6428
-6107
-5473
-5051
-5789
-7192
-7636
-7794
-8424
-9284
-9366
-7662
-5141
-3199
-2235
-1816
-1524
-1499
-1829
-2356
-3313
-4199
-4876
-5415
-5631
-5277
-4934
-4514
-3682
-3328
-3382
-4128
-5859
-7614
-9079
-9976
-9681
-8916
-8250
-7864
-7446
-6318
-4634
-2815
-1121
596
2204
3316
3858
3723
3075
2507
2173
2018
1763
1734
1840
1469
652
-522
-1754
-2695
-3039
-2818
-1800
-26
1589
3134
3889
3888
3798
3221
2338
1785
1451
1197
1109
838
333
-431
-1027
-1233
-1497
-1633
-1428
-907
-390
108
302
-408
-1534
-2594
-3703
-4660
-5774
-6081
-5486
-4995
-4154
-3184
-2404
-1833
-1649
-1273
-764
-455
180
1057
2289
3475
4048
4477
4236
3721
3443
3409
3130
2306
1852
2567
3378
3159
1947
718
112
457
1260
1985
3118
4032
4154
3461
2408
1452
838
220
-363
-633
-133
1313
2845
3420
2352
199
-2369
-4786
-6244
-6408
-5067
-2498
125
2652
5164
7258
8760
9229
9109
8746
7634
5808
4483
3309
812
-1859
-3972
-5353
-5770
-5843
-5176
-4456
-3821
-2560
-602
1624
3403
4234
4759
5533
5926
5190
4146
2984
969
-1250
-2912
-3674
-3083
-2495
-2783
-3114
-3857
-4586
-4526
-3988
-3023
-1863
-877
102
1271
2660
4103
4780
4173
2782
1473
821
1047
1317
1775
2190
2970
4132
5111
6112
6584
5961
4822
3069
988
-1687
-4653
-6214
-6243
-5955
-6065
-5134
-3520
-3835
-5021
-4739
-1832
2065
5241
7124
8125
9327
10318
10625
9946
7890
4465
1741
1243
2914
4806
4558
2112
80
-85
-329
-1508
-3371
-5508
-7265
-8050
-8625
-10026
-10852
-10392
-9463
-7993
-5803
-4065
-3358
-3351
-3804
-4237
-3726
-966
2736
5341
6056
4472
1449
-991
-1854
-1456
-617
793
2809
3804
3917
4364
5263
5854
5256
4434
4990
6742
7519
6513
5186
4064
3272
2757
1820
-153
-3029
-5122
-5550
-6141
-7235
-7852
-7857
-7238
-5865
-4024
-1140
933
-462
-3504
-4423
-2897
-1303
-478
794
2841
3884
2505
84
-866
-216
1105
2029
2082
1880
1781
1893
2166
2347
2230
1944
1337
397
-430
-858
-448
387
1176
2044
2471
1499
377
1179
2780
2995
2558
2691
2808
2033
696
-1022
-2719
-2723
-1090
-246
-916
-2391
-3976
-5055
-5733
-5178
-2901
-696
-586
-2437
-4701
-6775
-8226
-7731
-5044
-2044
805
5305
10001
11701
10528
8446
6420
4892
4031
2553
-527
-3539
-4622
-4066
-1845
472
-612
-4447
-5936
-4274
-1404
2381
4428
3381
593
-3284
-6274
-5834
-3383
-945
1018
2095
2994
4473
5045
3460
962
-652
-341
321
-1358
-3855
-3737
-1078
2935
7291
9270
8190
6515
4727
2107
-719
-2694
-2429
-64
2455
4047
4233
3289
1537
-1339
-4535
-6216
-4999
-1037
2280
2424
1457
620
-1562
-4414
-6784
-8078
-6775
-2938
1088
4152
8710
13825
15387
12283
6649
485
-4319
-5851
-5101
-4032
-4418
-6296
-8539
-9974
-10489
-10806
-9975
-8323
-7079
-5788
-3419
639
4794
7340
9350
10495
10565
10213
9103
7335
6223
6404
5777
3138
9
-2305
-3024
-2502
-3009
-5276
-6935
-5455
-1638
884
1077
1035
947
-1223
-4068
-4694
-3150
-848
303
-459
-2598
-4662
-5677
-6098
-6037
-4722
-3344
-2788
-1969
-426
587
716
636
509
790
1610
2856
4044
5283
5673
4480
2367
1137
1798
2838
3098
1951
-1202
-5297
-8629
-9861
-7742
-2644
2498
4954
3704
33
-2994
-4333
-4861
-5494
-5198
-2360
664
2509
3887
5197
6509
7074
7452
7947
6417
2624
-1645
-4830
-6178
-6523
-5225
-3642
-3460
-2730
-25
3421
3510
1080
359
2048
2596
603
-29
2747
6601
8666
8644
7019
3985
188
-2464
-1883
1778
5826
6724
3805
212
-1617
-2453
-3942
-6819
-9833
-11262
-11052
-10020
-8801
-8118
-7558
-6092
-4000
-2503
-2447
-2559
-1417
148
1339
3028
5690
7400
7175
6556
6625
7490
8789
10096
10917
11303
11478
10963
9735
8097
6590
5155
3811
2525
807
-784
-1732
-2603
-3668
-4658
-5739
-6849
-7521
-7902
-6737
-4431
-2472
-868
152
859
1787
2028
1416
87
-1085
-1121
-545
-146
-303
-335
-427
-1154
-2008
-2278
-2503
-3283
-4005
-3865
-2707
-1430
-969
-1297
-1995
-4095
-7084
-8950
-8630
-6323
-3553
-1791
-625
1074
3009
3950
3393
2209
726
-202
-117
-483
-744
232
2168
3721
4387
3963
2344
315
-2168
-3934
-4550
-4343
-4057
-3830
-2612
-1054
-85
-540
-2935
-5677
-6119
-4188
-2053
-1507
-2861
-4021
-3790
-2882
-2411
-1893
-832
407
1657
2542
4089
6320
8159
8618
6531
3591
1489
-559
-2661
-2875
16
4156
6739
7345
6709
5760
5421
4689
3143
2127
2746
4340
5110
4184
2659
1655
1812
2269
909
-2164
-4915
-6138
-7164
-8254
-9540
-10614
-10089
-7813
-4754
-2243
92
2879
6016
8408
9088
8183
5402
2207
637
886
2250
3838
4625
4124
3478
3115
2816
2694
2228
1244
499
194
-446
-1953
-3113
-2849
-1779
-1274
-2319
-3750
-3666
-2543
-1510
-1047
-2147
-3768
-4979
-5695
-5750
-5256
-5241
-5754
-5886
-6047
-6115
-6213
-6822
-7314
-7212
-6254
-4297
-1663
572
1863
2275
2371
2145
1087
-531
-1513
-1233
-790
-1204
-1851
-1108
1339
3582
3655
2093
799
689
1256
1529
1036
-11
-333
1516
4517
6663
7132
5530
3162
1036
-1328
-3681
-4959
-4531
-3434
-3070
-2974
-2060
-1429
-2084
-3286
-3823
-2816
-1229
-423
-126
515
1553
2823
4306
4987
4952
4284
2681
1071
214
768
2409
3708
3650
2884
2610
3217
3602
4063
4684
5119
6391
7825
9214
10475
10486
9177
6825
4690
3571
3742
5138
6593
7833
9970
12932
16703
21385
26116
29269
28754
23195
11451
-4693
-20373
-30886
-32764
-32757
-32766
-32768
-32767
-32767
-32764
-32398
-29982
-25973
-23971
-22109
-19296
-16546
-13350
-9746
-6183
-2518
1706
6058
10080
13813
17127
20698
24103
26413
27836
28121
26990
24586
21086
16743
11828
6890
2923
68
-1371
-1569
-1192
-636
-129
333
104
-263
-136
237
582
431
254
454
660
1163
1696
1890
1744
1426
956
517
167
-380
-606
-917
-1449
-1505
-1024
-26
660
775
739
1051
1337
1705
1806
1239
495
-182
-669
-1183
-2064
-3024
-4237
-4623
-4022
-3921
-3599
-2862
-2163
-1415
-706
-74
213
526
1002
1478
1757
2108
2349
2026
1426
356
-372
-539
-881
-1405
-2131
-2669
-2824
-2870
-2918
-3296
-3577
-3784
-3699
-2993
-2401
-1394
-640
-355
76
186
275
490
299
163
279
578
882
1195
1671
1942
2044
2287
2557
2387
2205
2203
1974
1802
1895
1894
1964
2252
2368
2743
3039
3087
3316
3582
3778
3830
4022
4342
4522
4441
4111
4017
3913
3836
4025
3752
3408
3431
3029
2415
1535
732
49
-633
-1484
-2245
-2737
-3448
-3782
-3777
-3720
-3733
-3693
-3547
-3355
-2991
-2442
-1889
-1388
-730
-230
347
1184
1805
2312
2674
3036
3310
3423
3712
3742
3956
4211
4140
4173
4079
4281
4597
4239
3528
2968
2809
3053
3374
3821
4158
4071
3793
3170
2485
1675
893
428
56
-191
-436
-453
-532
-540
-759
-1301
-1698
-2142
-2542
-2778
-3021
-3180
-2961
-2915
-2961
-2953
-2947
-3028
-2844
-2625
-2674
-2445
-2273
-2366
-2363
-2272
-2423
-2387
-2211
-2128
-1972
-1553
-1236
-847
-634
-581
-228
-311
-268
-353
-434
-73
75
-29
-213
-179
-79
75
238
314
294
317
360
297
332
419
155
-107
-352
-606
-821
-931
-932
-1168
-1221
-1331
-1341
-1149
-1086
-908
-1040
-1389
-1565
-1857
-2235
-2604
-2550
-2383
-2376
-2509
-2610
-2710
-2691
-2717
-2725
-2759
-2547
-2388
-2558
-2727
-2899
-2826
-2510
-2373
-2057
-1824
-1865
-1810
-1943
-1723
-1506
-1395
-1132
-899
-726
-459
-319
-151
98
19
78
154
196
163
-8
71
60
-91
-272
-606
-954
-1118
-1284
-1614
-2109
-2561
-2921
-3041
-3472
-4097
-4656
-5195
-5539
-5785
-6162
-6682
-7269
-7715
-7864
-8135
-8260
-7926
-7497
-7082
-6955
-6792
-6259
-5755
-5278
-4946
-4753
-4388
-3503
-2461
-1698
-632
480
1491
2560
3438
4215
5113
6026
6630
7382
8011
8378
9103
9526
10034
10594
10836
10976
10966
10641
10300
10030
10073
10189
10140
10286
10315
10071
9291
8647
8180
7997
8253
8403
8529
8481
8463
8346
8005
7583
7026
6596
5863
4787
3595
1982
622
-346
-1550
-2508
-3726
-5201
-5733
-5994
-6507
-6793
-6829
-6730
-6506
-6504
-6550
-6351
-6023
-5745
-5382
-5218
-5040
-4649
-4400
-4109
-4050
-3906
-3567
-3182
-2595
-2255
-2045
-1888
-2105
-2058
-2004
-2494
-2656
-2875
-2714
-2265
-2182
-2146
-2235
-2222
-2260
-2354
-2345
-2291
-2050
-1651
-1108
-782
-662
-691
-1017
-1092
-1107
-1165
-1136
-1338
-1274
-907
-865
-838
-840
-925
-693
-470
-173
70
385
750
1008
1279
1142
1059
1199
947
760
616
269
306
331
374
685
1304
2223
3041
3836
3978
3834
3850
3543
3097
2391
1450
638
122
-343
-250
131
572
908
1153
1393
1356
1277
1055
733
687
805
737
484
-262
-1172
-1709
-2026
-2394
-2428
-2221
-1957
-1377
-1116
-511
-40
-95
-208
-525
-728
-894
-996
-975
-613
-385
100
543
775
1123
1538
1970
2836
3588
3696
3611
2941
2551
3032
3271
3444
3543
3696
3960
3816
3630
2941
1789
715
-397
-1239
-2073
-2817
-3149
-3479
-4006
-4238
-4041
-3749
-3308
-3189
-3504
-3334
-2520
-1410
-421
255
890
1502
1241
369
-360
-426
11
180
-198
-815
-1330
-1434
-1646
-1932
-2301
-3057
-4093
-5452
-6462
-6260
-4808
-2200
766
2647
3188
3279
3630
4605
5753
6832
7350
7386
7397
6824
5767
4584
3002
1693
1179
943
1306
2308
3253
4318
5327
5502
5208
4747
3951
3255
2446
1196
-246
-1377
-2022
-1862
-700
449
1101
872
-31
-1615
-3776
-5735
-7275
-8416
-9002
-9270
-9431
-9884
-10116
-9889
-9111
-7725
-6705
-6080
-5846
-5415
-4521
-3133
-1453
-263
351
421
473
515
290
-124
-638
-860
-603
-643
-563
-90
333
1025
1684
1670
1766
2011
2393
2796
2285
1372
332
-640
-1239
-1518
-1362
-1044
-517
43
252
619
1217
1842
2652
3134
3280
3335
3258
3265
2822
2290
1400
632
125
-615
-1619
-2638
-2974
-2729
-1902
-763
303
1338
2372
2937
3563
3702
3389
3084
2652
2522
2232
2043
2049
1847
1597
1212
1260
1173
598
183
-233
-543
-486
-451
-273
211
769
1216
1663
2242
2783
3256
3806
4049
4253
4562
4471
4259
4062
3772
3216
2629
1848
1108
462
-218
-650
-1006
-1378
-1383
-1176
-822
-291
-167
-40
255
266
416
562
501
427
173
-2
-244
-608
-1145
-1544
-2047
-2847
-3809
-4558
-5027
-5252
-5506
-5468
-5679
-5805
-5676
-5805
-5697
-5686
-5410
-5096
-5058
-4752
-4835
-5227
-5610
-6299
-6543
-7057
-7424
-7484
-8126
-8846
-9496
-9466
-9179
-9002
-8670
-8397
-7803
-6677
-5575
-4421
-2979
-1645
-649
304
1583
3274
5898
9534
13677
17660
20283
21381
21070
19915
18538
16045
13621
12047
10516
9598
9031
8315
7482
6168
4651
3203
1885
593
-331
-1148
-1798
-1967
-1838
-1606
-1677
-1755
-1532
-1421
-1380
-818
-672
-374
94
458
1276
2012
2477
2985
3469
3698
3857
4169
4359
4534
4749
4984
5157
5228
5218
4949
4625
3987
3236
2608
1441
533
-154
-895
-1614
-2301
-2897
-3398
-3627
-3672
-3631
-3738
-3585
-3158
-2688
-2469
-2364
-2050
-1598
-1266
-790
-221
572
1873
2898
3585
4280
4565
4755
4577
4226
3973
3852
3773
3582
3275
2848
2217
1221
208
-892
-2138
-3335
-4809
-6496
-8025
-9269
-10246
-11400
-12396
-13270
-14028
-14183
-14133
-14151
-14595
-15093
-15185
-15394
-15542
-15410
-15012
-14146
-12664
-11357
-10775
-10922
-10619
-9146
-7652
-6995
-6690
-5837
-4579
-3647
-3270
-3814
-4445
-4500
-4103
-3202
-2542
-1966
-1018
404
1726
2482
3067
4039
5789
7513
8491
8296
7695
7444
6980
5707
4185
3230
3469
4122
3914
3298
2457
1159
-196
-1123
-1266
-321
851
2248
3985
5928
7959
9333
10550
11265
11679
11904
11157
10160
8875
6970
5159
3482
1903
1003
325
-441
-1365
-2035
-2233
-2459
-2042
-1128
-249
15
14
552
1786
3678
5500
6804
7078
6652
6413
6379
6767
7011
6600
5955
6165
7004
7115
6746
5751
4092
2703
1550
503
126
447
1095
2272
3003
3109
2429
417
-1990
-4020
-5173
-5714
-5686
-4985
-3798
-2827
-2635
-3124
-3742
-3832
-3446
-2983
-2948
-3885
-4878
-4822
-4655
-3720
-2214
-1239
-687
-675
-601
-779
-1712
-2883
-4136
-4579
-4188
-3794
-2817
-1494
-84
1357
2358
2901
2680
2080
1606
1501
1572
2424
4226
5647
5891
4847
2971
1423
119
-1135
-1732
-1630
-333
1471
2140
795
-1893
-3773
-4274
-4609
-4628
-3215
-1364
-1310
-3764
-6667
-8785
-9681
-8634
-6626
-4984
-3994
-2881
-1907
-1661
-1297
-274
159
-606
-2208
-3497
-3734
-3063
-2284
-2274
-1990
-1078
1075
3500
5362
6601
7261
7478
6791
5654
4713
3998
2887
1132
-309
-1015
-1114
-1700
-3118
-3958
-4217
-5201
-6044
-5289
-3653
-2450
-1514
879
4331
5454
4138
2954
3239
4114
5127
5880
4973
2669
1188
1093
1048
951
1555
3125
4509
3947
2015
888
1297
1870
2058
1927
1811
1618
1297
904
49
-865
-1911
-3633
-5566
-6006
-5053
-3574
-2149
-1282
-1407
-2405
-3062
-2189
-659
515
2178
3753
4325
3171
1962
3516
6969
9635
10346
9322
8107
7262
5920
3235
-1026
-5822
-9944
-11319
-9916
-8062
-6797
-6408
-6375
-6000
-4911
-2613
528
3053
4453
6225
8254
8724
7893
6089
4328
3312
2285
982
-1015
-2866
-2889
-1941
-1763
-2680
-4138
-4519
-3534
-2175
-915
-499
588
3043
4633
4101
744
-3374
-6032
-8235
-9251
-7555
-5564
-5611
-6157
-5124
-1935
2325
5461
6711
6908
5266
2280
-1227
-4848
-6573
-5663
-3521
-933
1806
3854
4221
3176
2087
2158
3517
4541
4759
4136
3252
2108
-78
-2294
-3320
-3253
-1629
914
1615
722
258
1325
2973
4192
4850
5392
5982
4981
3474
3323
2899
342
-3200
-6020
-8170
-8981
-7514
-5382
-3745
-3170
-3738
-3286
-769
1754
1941
786
477
1180
2757
4517
5182
4186
2862
2088
143
-3085
-4517
-2535
2286
5342
4102
2769
3757
5367
4642
1720
-1825
-5516
-7927
-8901
-9259
-8698
-6800
-5109
-4576
-3406
107
3989
4981
3316
1387
1217
3535
5336
5829
5572
3040
270
101
637
-75
-533
723
3099
4418
5254
7547
10505
12400
12069
10595
8402
5493
2160
-2140
-6582
-10258
-12697
-12257
-9344
-7586
-8257
-8409
-6481
-4329
-4883
-7895
-9775
-8585
-5532
-2261
590
3063
3788
3046
3197
4835
8037
11496
12214
9492
5645
4352
5750
5324
2428
43
-1442
-3992
-8375
-11886
-11013
-6873
-3914
-4146
-5021
-3870
-3361
-5916
-9210
-9955
-7385
-3194
770
3775
6205
8155
8720
8162
8799
11485
14012
12879
8205
2761
-2020
-4968
-6652
-8384
-9934
-10605
-10444
-10434
-9523
-5601
-172
3071
1552
-2297
-3762
-2980
-2073
-1567
-717
1366
2340
-259
-3184
-3240
-1218
1103
3306
4867
4584
2185
-1436
-3422
-1493
2004
3893
4573
4526
2702
232
609
4433
7985
8439
8015
9267
9580
6908
3147
600
-413
-994
-2428
-4579
-6573
-7637
-7766
-7378
-6276
-4358
-2514
-1546
-829
-70
1394
2460
762
-2273
-5601
-8954
-10164
-7675
-2553
254
-414
-845
240
1757
2466
2204
2011
1574
-304
-2781
-3626
-1976
1669
5903
9409
12811
15711
16949
16274
13476
7889
-175
-9713
-18144
-22205
-21241
-16981
-12123
-7899
-4011
-845
239
-541
-1279
-349
2665
6743
9308
8116
4907
4521
7893
10778
10826
9033
6048
1959
-1651
-3192
-3931
-5561
-7484
-8854
-9096
-7079
-3277
-98
868
610
1605
4993
7982
7425
3258
-1959
-6272
-9314
-10173
-8936
-6632
-3865
-1316
766
1941
2809
4400
5527
4554
1657
-2138
-5168
-6549
-6848
-6696
-6436
-5656
-4249
-3077
-2252
-1473
22
1435
1707
1922
2678
4074
5444
6645
8425
10465
11961
12636
12397
11319
10043
9321
9172
8499
6835
4865
2863
1277
-125
-495
392
637
-411
-2241
-3595
-3392
-2228
-1434
-950
-502
247
1413
2410
3309
3445
1885
-1223
-3955
-5365
-6029
-6465
-6454
-5927
-6873
-8831
-9350
-8935
-8344
-7279
-5794
-4132
-2470
-1040
470
2009
2681
3138
3002
756
-1935
-3741
-4222
-2941
-626
1648
3320
3528
2125
780
1022
2969
5396
7139
7515
6301
3763
561
-2879
-6428
-9558
-10656
-9523
-7653
-6440
-6864
-7524
-6168
-2783
734
3796
5308
5795
6124
6174
6620
7020
6448
5353
4723
4185
3534
2717
1581
530
-196
-411
-23
467
831
673
-418
-1643
-3439
-6108
-8440
-9604
-9809
-9928
-10358
-9802
-7982
-5881
-3964
-2981
-1933
606
4543
7458
7950
7477
7071
7192
7304
6940
5963
4730
4240
5033
6008
5570
3953
2654
2283
1646
19
-2300
-5029
-6734
-6685
-6038
-5412
-4741
-3007
-165
2866
4944
5437
5263
5204
5326
5199
4683
3542
1873
1181
1921
2837
3113
2500
1969
2355
3559
4707
5817
7246
8359
10516
15235
23085
31265
32764
31987
29458
18807
2811
-9194
-20151
-29950
-32767
-32720
-32766
-32768
-32765
-32767
-32768
-32764
-32768
-32761
-32668
-31500
-27889
-23168
-18309
-11894
-4352
3280
10221
15873
20453
24477
27894
30533
32155
31919
29876
26314
22159
18427
15441
13224
11812
11087
10445
9920
9194
8011
6412
4559
2176
-322
-2474
-4079
-4910
-5379
-5580
-5101
-3677
-1826
-141
758
983
1018
765
252
-376
-1612
-2669
-3430
-4034
-3880
-3461
-2898
-2049
-1367
-598
679
1979
2777
3076
3015
2801
2450
1891
1534
1539
1290
1109
1076
772
479
181
-89
-481
-1387
-2124
-2766
-3376
-3690
-3833
-3575
-3200
-2656
-1965
-1626
-2045
-2900
-3301
-3250
-3083
-3382
-3908
-4242
-4113
-4060
-4264
-3621
-2664
-1877
-1839
-2292
-1947
-1017
-174
367
571
551
933
1773
2355
2603
2410
2231
2691
3228
3501
3668
3607
3709
4135
4584
4731
4836
5032
5104
5339
5585
5890
5863
5457
4944
4545
4251
3493
2378
1332
329
-411
-1110
-1939
-2386
-2553
-2557
-2434
-1971
-1460
-899
-397
-288
-158
26
74
459
867
1167
1579
1665
1770
2047
2169
2299
2465
2415
2263
2112
2014
1971
2017
1955
1505
1159
1331
1639
2009
2061
2010
2443
3181
3859
4937
6784
6249
1650
-7274
-23280
-32764
-30433
-13014
12397
25166
24897
21909
19571
17828
14155
8758
3869
248
-2484
-5805
-9325
-11571
-11254
-8396
-4800
-2164
-849
-86
909
1974
2926
2913
1691
214
-783
-1176
-1085
-1062
-1723
-2761
-3545
-3598
-3126
-2950
-3174
-3606
-4063
-4140
-3721
-3161
-2888
-2794
-2873
-2431
-1740
-889
-479
-632
-671
-844
-613
-43
207
147
97
154
191
380
311
-212
-433
-954
-1176
-1017
-1142
-1132
-1094
-1150
-1231
-1032
-772
-665
-486
-304
-312
-341
-409
-591
-561
-701
-828
-651
-542
-573
-690
-808
-462
-3
-437
-912
-460
461
1028
681
-440
-1378
-1583
-1413
-1039
-1026
-1540
-1840
-1447
-1145
-1531
-1528
-901
-162
316
247
-247
-533
-295
223
415
194
-155
-28
215
84
-102
13
214
397
224
-308
-548
-498
-398
-563
-1105
-1784
-2213
-2265
-2619
-2942
-3182
-3636
-4010
-4391
-4831
-5198
-5431
-5699
-6087
-6474
-6910
-7186
-7107
-7037
-6926
-6716
-6703
-6543
-6468
-6221
-5816
-5191
-4587
-4264
-3874
-3564
-3106
-2690
-2395
-1969
-1623
-1552
-1326
-694
-47
525
1070
1507
2078
2838
3467
4121
4807
5398
6047
6538
6951
7515
8071
8425
8709
9106
9354
9491
9642
9465
9309
9005
8497
8303
8126
7772
7925
7966
7829
7878
7622
7427
7162
6761
6646
6442
6065
5826
5380
4651
3767
2995
2354
2071
1997
1922
2155
2284
2459
2878
2950
3027
2811
2227
1913
1261
107
-896
-1810
-2305
-2781
-3211
-3720
-4389
-4579
-4831
-5066
-5225
-5437
-5684
-5667
-5508
-5471
-5128
-4694
-4464
-3757
-3159
-2989
-2762
-2676
-2521
-2227
-2036
-2091
-1799
-1571
-1251
-915
-857
-824
-967
-963
-1040
-1319
-1675
-2079
-2447
-2782
-3024
-3203
-3554
-4011
-4376
-4665
-4823
-4831
-4565
-4728
-5081
-5142
-5337
-5425
-5195
-4768
-3991
-3172
-2383
-1770
-1098
-285
519
1136
1670
1919
1999
1886
1596
1249
881
739
754
687
703
855
1057
1340
1361
1276
1018
508
75
-378
-337
354
780
1089
966
500
250
199
44
-518
-994
-1527
-1421
-948
-884
-747
-570
-660
-674
-1043
-1636
-1769
-1551
-1024
26
893
1329
1502
1170
739
430
-401
-1619
-3069
-4607
-5786
-6599
-6860
-6820
-6449
-5497
-4145
-2636
-750
848
2253
3592
4315
4874
5677
6492
7608
8560
8766
8597
8307
8418
8365
7975
6766
4886
3117
1882
951
89
-107
-45
233
533
639
706
823
758
334
-85
-519
-1023
-1590
-2008
-2465
-2885
-2748
-2103
-1418
-591
242
826
1147
1273
1228
1423
1871
2613
3409
3236
1847
-264
-2116
-3181
-3702
-3840
-3438
-3122
-2246
-932
-34
1234
3109
5664
8034
9752
10551
10486
9915
9057
8497
7949
6608
4219
1532
-722
-1368
-873
-646
-524
-1062
-2370
-3226
-3866
-3866
-3327
-3229
-3373
-3635
-4217
-4601
-4770
-4872
-4871
-5056
-5405
-6469
-7964
-8934
-9396
-8992
-8352
-7709
-6891
-6105
-4890
-3571
-2446
-1742
-1309
-893
-712
-1011
-1498
-1737
-1527
-1322
-757
-321
-237
-294
-771
-1341
-1505
-1262
-643
-77
57
460
1243
2117
3223
3917
4297
4434
4433
4365
4540
4649
3918
3141
1933
861
256
-357
-444
-162
509
1246
2044
2608
3188
3863
4407
4689
4600
4289
3955
3903
3805
3346
2770
2115
1692
1558
1653
1806
1933
2025
1654
967
432
164
-70
-204
-205
-33
365
644
944
1319
1295
1525
1928
1817
1659
1300
1058
992
868
939
877
858
860
928
1018
826
669
553
635
732
759
1136
1428
1587
1697
1694
1710
1645
1058
548
139
-323
-669
-1028
-1241
-1261
-984
-1024
-1015
-1150
-1687
-1917
-2156
-2451
-2617
-2858
-3005
-3296
-3427
-3516
-3777
-4012
-4299
-4629
-4725
-4887
-5091
-5113
-5364
-5754
-6212
-6541
-6937
-7172
-7155
-7240
-7254
-7091
-7201
-7333
-7576
-8200
-8576
-8842
-9100
-8912
-8455
-7862
-7308
-6894
-6816
-6571
-6167
-5664
-4768
-4168
-3659
-2928
-1874
-105
2314
4645
6230
7508
9537
12989
17540
20847
21997
21975
21112
19899
18095
15265
12241
9565
7068
5159
3769
2527
1325
184
-620
-1229
-1722
-2055
-2297
-2351
-2187
-2225
-2215
-1624
-774
158
1196
2113
2517
2707
2711
2945
3169
3066
3024
2847
2901
3257
3405
3291
3018
3020
3090
2324
863
-385
-1074
-1570
-2119
-2333
-2255
-1878
-1582
-1045
-493
-164
558
1167
1660
2239
2588
2702
2828
3254
3705
4087
4239
4033
3911
4037
3875
3793
3421
2933
2784
2665
2746
2852
3099
3367
3094
2930
2915
3088
3212
2879
2301
1488
938
166
-757
-1240
-1751
-1646
-1304
-1588
-2435
-3294
-4152
-5191
-6396
-7509
-8369
-9281
-10483
-11740
-12797
-13987
-15214
-16668
-17985
-18300
-17836
-17465
-17566
-17984
-17726
-17156
-16970
-16689
-15819
-14445
-13289
-12087
-11173
-9653
-7419
-5842
-5166
-4295
-3574
-3538
-3683
-3829
-3253
-2005
-792
-241
76
156
29
58
389
870
1073
1405
2491
4012
4736
4408
4298
4521
5079
5554
5823
6359
7076
7482
7801
8949
10529
11673
11758
10436
8496
6711
5385
3548
1301
309
791
2370
3253
3133
2795
2782
3511
4480
5597
6113
5837
5183
4002
2507
1679
1500
1456
789
-8
669
1662
2090
2091
3004
4977
6620
7123
6955
7111
7918
8860
8910
8021
7112
7404
8965
10319
10100
8958
7544
6304
5055
3036
369
-1872
-2147
-1270
-493
547
2484
4842
5748
4651
2834
2005
1497
226
-2171
-5144
-7321
-8435
-8932
-7992
-4892
-779
2386
3391
2795
2563
3144
2809
1998
1061
-560
-2732
-5025
-6629
-6758
-6058
-5879
-6189
-6905
-8003
-8469
-7593
-6038
-4038
-2305
-1091
-368
-1115
-3543
-6627
-8394
-7470
-4734
-2196
-442
304
124
-855
-1642
-1621
-1333
-667
112
498
236
285
574
97
-90
225
760
1320
753
-728
-2410
-3623
-3893
-4181
-4848
-5887
-7139
-7501
-6117
-3585
-1591
-746
329
2507
4556
5975
7019
7126
5933
4173
2613
1271
-28
-1992
-3983
-4377
-3054
-2110
-2097
-2171
-2353
-2624
-3503
-4052
-3432
-2395
-1238
389
2034
2666
2858
3851
4331
2996
-127
-3560
-5094
-5127
-4454
-3667
-2982
-2070
-1245
-1105
-1255
-533
924
1432
1348
2092
3696
5730
6874
7062
7529
8489
8940
8020
6235
4151
3470
4833
6618
7036
5534
3334
1500
279
52
1184
1645
-295
-3778
-7373
-9390
-9946
-10762
-11389
-10185
-7788
-5687
-3732
-1448
302
1312
2310
3557
4709
6475
8268
8197
6494
4614
3782
3896
4915
6658
8794
10493
10208
6662
1863
-1178
-3021
-5154
-7162
-7212
-5463
-3244
-2278
-3321
-4158
-3206
-1522
-409
-228
-737
-660
645
1489
456
-1629
-3196
-3113
-1434
-581
-2121
-3918
-3453
-1352
-696
-1840
-2020
671
4080
4855
3431
1468
-42
-977
-1743
-1699
-1152
83
1926
2410
2190
3839
6408
6882
4466
1832
168
-1535
-3694
-6445
-8441
-6951
-1839
2319
2909
2197
1184
103
-287
150
1522
2443
2226
3127
5959
9025
10182
7699
3840
-695
-5529
-8396
-8809
-7667
-5967
-4473
-4675
-5980
-5127
-1856
978
1422
1164
1393
2322
4708
7252
8618
8887
8644
7534
4810
338
-3218
-3826
-2830
-1905
-2955
-4811
-5866
-5695
-4817
-4609
-3922
-2547
-1483
-803
-475
-335
81
640
1063
1340
1931
2884
2881
1139
-1261
-3602
-5434
-5752
-5064
-4512
-4319
-3863
-2843
-1349
1534
4885
6235
5758
5585
5933
5295
4601
5235
6604
8035
7853
5565
3849
4542
6117
6015
5401
4572
1137
-3964
-8098
-10674
-10207
-7912
-6300
-6261
-8265
-8635
-6531
-4857
-3879
-1159
4405
7982
6833
5854
7506
7834
3724
-2137
-4834
-4174
-3245
-2901
-1630
1099
3261
2731
384
-1759
-2917
-3314
-4626
-6801
-7711
-6383
-4018
-1383
1738
4654
6698
7821
8084
7327
4712
1130
-2012
-3115
-1564
1241
1985
-47
-1915
-1693
-844
-1084
-1752
138
3161
4642
4371
2241
106
-1300
-2118
-462
3856
6773
5010
381
-3237
-3165
-1016
26
-914
-1907
-2185
-2650
-2438
-1159
580
301
-2534
-5575
-7916
-9747
-11053
-11736
-10818
-7126
-1747
3102
5740
5896
5724
7075
9108
10676
10915
9445
8952
10663
11642
9433
3676
-2574
-6687
-8403
-9101
-8482
-6154
-2835
721
4090
7176
8144
4968
-1547
-8823
-13652
-15294
-16378
-17542
-16467
-13255
-10412
-8756
-6863
-3887
-205
2710
4099
4363
4751
5849
6992
7645
8190
9795
11801
13254
13843
13069
10752
7777
4766
1833
485
659
647
-437
-2136
-3813
-5711
-6726
-6055
-5511
-6478
-7214
-6133
-3362
637
4397
7039
8347
8366
6955
4669
3146
2735
2743
2739
2122
343
-2129
-4548
-6458
-7402
-8046
-8003
-7920
-8825
-9516
-10202
-11067
-11380
-10460
-8494
-6735
-6053
-5506
-4955
-4279
-3603
-3093
-2256
-1130
481
1830
2336
2265
2779
4797
6203
5069
2700
1323
2180
4420
6110
6799
7137
7128
5547
2297
-1005
-2490
-2009
-397
600
600
-764
-1902
-583
1528
1737
-175
-1666
-603
2642
5801
6811
5569
2433
-395
-1539
-2192
-1671
-513
74
-327
-2710
-5879
-6738
-4919
-3058
-3714
-5912
-6138
-3305
695
3593
5042
5905
5795
4861
4143
3357
1898
46
-451
1389
4662
7470
8939
9290
8089
6092
3404
-71
-2949
-4315
-4575
-4571
-4731
-4265
-3767
-3605
-2784
-1110
1369
3334
3618
2443
694
220
1273
2426
2984
3328
3609
3614
2378
525
-655
-1250
-2038
-3136
-4472
-6591
-8460
-8345
-6154
-3594
-1900
-586
679
1943
3052
3131
2018
407
-1093
-1417
-1194
-64
1849
3440
3919
3016
1462
343
194
-76
-1125
-1829
-1639
-1098
-465
-903
-1896
-1594
-1049
-1550
-3451
-6139
-7873
-7610
-6271
-4774
-3507
-2936
-2471
-1690
-1052
-455
-147
-97
583
1478
1517
1514
2933
4741
5344
4564
3460
2735
1364
-41
-670
-815
53
1819
3043
2461
-14
-2338
-3125
-2751
-1722
-1447
-2070
-2514
-2238
-1690
-1191
-163
1472
3234
3787
3317
2570
2106
1603
708
-125
-825
-1565
-987
1089
3300
4824
5057
4762
5106
5774
6753
7465
7674
8613
9843
11042
12434
13430
12965
11234
9334
8919
11636
17065
24338
30984
32765
29974
21867
7879
-5208
-16328
-25673
-31504
-32761
-32761
-32762
-32768
-32764
-32768
-32767
-32767
-32751
-32308
-29595
-24322
-19682
-15298
-10086
-5212
-894
3786
8744
13733
18432
22304
24895
26942
28585
28966
28356
26675
23893
20654
17079
14173
11840
10104
8668
7420
6411
4910
3193
1811
632
-381
-1445
-2515
-3674
-4807
-5945
-6584
-6150
-5381
-3959
-2476
-971
336
1045
1428
1338
785
-36
-1079
-1437
-1435
-1453
-1500
-1779
-1697
-1382
-884
-369
-336
-19
175
376
928
1218
1283
1119
1121
1375
876
437
44
-324
-948
-1751
-2374
-2714
-2546
-2283
-1871
-1625
-1505
-992
-725
-1302
-1670
-1841
-2514
-2924
-3131
-3119
-2651
-2966
-3538
-4033
-4129
-3197
-2309
-2340
-2433
-2507
-2010
-926
-280
266
609
1159
2075
2454
2724
2917
3482
4001
4051
3769
2980
2902
2689
2531
2382
1684
1420
1322
1254
1059
521
613
579
641
566
288
203
229
671
1256
1055
997
971
939
1516
1382
1259
1433
1339
1727
1832
1850
2373
2656
2932
3013
3057
2834
3199
3587
3535
3631
3525
3618
3446
3515
3580
3839
3831
3589
3677
3273
3531
3765
3602
3635
3310
2763
1732
909
4
-767
-923
-1437
-1832
-1827
-1933
-1724
-1991
-2662
-4068
-5370
-5451
-4703
-3521
-2351
-1618
-1097
-1024
-1432
-2361
-2535
-2697
-3269
-2958
-2690
-2032
-1037
-496
-226
11
220
36
17
-266
-431
-184
-303
-492
-374
-838
-1258
-1248
-1278
-1250
-1460
-1485
-1655
-2156
-2329
-2381
-2764
-2961
-3104
-3387
-3731
-3588
-3207
-3639
-3453
-3185
-2944
-2564
-2428
-2667
-2458
-1898
-1847
-1542
-1445
-1372
-1305
-1117
-519
-375
-322
-233
-54
-117
-140
26
255
501
454
119
-112
-67
267
452
249
-15
362
408
379
725
596
901
699
664
372
328
305
255
624
337
505
303
243
216
139
94
-150
-172
-369
-399
-328
-18
320
352
466
232
113
304
45
-162
-366
-778
-566
-425
-246
641
1153
1552
1593
1789
1785
1846
2116
1495
1432
1272
1475
1793
1301
1288
1108
1183
1775
1866
1672
1229
790
874
1162
929
853
673
266
96
5
-624
-1185
-1352
-2011
-2433
-3412
-3997
-4261
-4893
-5088
-5407
-5844
-5836
-5870
-5838
-6061
-5943
-5936
-5819
-5675
-6069
-5870
-5539
-5445
-5178
-5008
-4941
-4980
-4753
-4438
-4214
-4051
-3726
-3812
-3590
-3240
-3221
-2461
-1746
-1587
-843
159
1236
2473
3473
4212
4849
5943
6241
6566
6572
6526
6795
6549
6615
6748
6483
6626
6708
6176
5784
5682
5557
5326
5446
5170
4911
5398
5173
4747
4389
4399
4655
4472
4472
4373
4020
4036
3848
3425
3475
3526
3345
3490
3276
2612
2481
2233
1576
1370
789
651
900
515
121
-216
-784
-1187
-1673
-2173
-2974
-3678
-4150
-4788
-5004
-5467
-6115
-5753
-5858
-5875
-5072
-5338
-5526
-4675
-5092
-5237
-4591
-4245
-4079
-3669
-3594
-3665
-3119
-3008
-2816
-2835
-2511
-1912
-1674
-1438
-1531
-1655
-1869
-1609
-1283
-925
-292
-112
128
-107
-211
-75
123
-86
-518
-604
-546
-94
95
-134
-39
347
575
1012
707
101
-9
-232
-16
120
-49
610
1111
1209
1529
1797
2127
2591
2803
2779
3056
3408
3707
3231
3265
3280
3430
3911
3765
3769
3330
2883
2520
1807
1112
716
747
863
1108
1458
1482
1631
1734
1656
974
438
607
526
755
840
934
1608
2184
2601
2589
2180
1815
1424
1271
1217
1396
1169
1043
1167
702
-264
-1272
-2413
-3964
-5296
-6396
-7549
-7852
-8118
-8312
-7842
-7592
-6917
-5819
-5055
-4609
-3961
-3507
-3301
-3371
-3626
-4067
-4177
-4088
-4225
-4411
-4145
-3509
-3276
-2494
-1947
-1741
-1280
-997
-687
-73
988
1698
2426
3710
5065
6507
7770
8129
8184
8202
7814
7285
6637
5947
5121
4074
2833
1642
90
-1150
-2277
-3801
-4933
-5342
-5099
-4676
-3952
-3185
-2370
-1438
-619
81
926
1463
2018
2520
2834
3366
3609
3295
2459
1842
1218
839
529
498
383
16
-15
36
1535
3898
6246
8255
9160
9635
10021
9786
9692
9484
8928
8402
7950
7535
6016
4222
2086
90
-148
540
1501
1664
858
-480
-2378
-3934
-5276
-6069
-6312
-7423
-8994
-10601
-11657
-11384
-10557
-9735
-8501
-8222
-8615
-8711
-7867
-5514
-3140
-1542
-994
-765
-916
-1013
-1372
-1329
-799
-474
-423
-1516
-3145
-4572
-5738
-5752
-4930
-4153
-2985
-1830
-1002
-572
564
2000
2722
3518
3536
2578
1863
1493
1030
1060
987
834
1092
995
1019
807
744
1114
1184
1905
2397
2613
2538
2012
1613
995
260
-685
-1614
-2211
-2715
-2467
-2008
-1253
-15
344
516
767
789
974
967
797
508
-200
-472
-790
-980
-979
-965
-937
-1151
-1027
-1007
-898
-594
-363
-80
-122
-104
-180
31
175
778
961
541
761
986
1182
1464
1405
1150
1217
1492
1370
873
725
1045
1528
2255
2773
2702
2618
2804
2456
2492
2286
2104
2451
2289
2258
1911
1580
1170
585
295
112
23
-108
-405
-579
-713
-452
-335
-454
-77
-157
357
1161
1655
1861
1804
2375
2571
2768
2888
2673
3114
3441
3445
3343
2881
2985
3102
2773
2518
2156
1955
1980
1907
1288
674
18
-495
-1055
-1499
-1876
-2838
-3539
-3796
-3782
-3754
-3825
-3660
-3273
-2338
-1353
-596
-217
146
529
915
1062
814
544
-122
-634
-930
-1173
-1564
-1766
-2158
-2278
-2157
-2508
-2699
-3085
-3422
-3511
-4229
-4781
-5338
-5800
-6306
-6891
-7433
-8409
-8707
-8962
-9589
-9784
-10148
-10243
-9872
-9526
-8937
-8006
-6983
-6027
-5858
-5873
-5974
-5984
-5709
-5087
-3476
-1322
1447
3964
6019
8971
12631
16916
20762
22910
23600
22752
21053
18850
15980
13188
10264
7951
6273
5066
3826
2270
677
-848
-2191
-3212
-4039
-4721
-5106
-5464
-5733
-5741
-5392
-4828
-4103
-3533
-2681
-1312
133
1474
3047
4389
5316
6457
7132
7460
7634
7805
7716
7131
6713
6305
6196
6247
6092
5438
4765
4550
3796
2762
1569
145
-796
-1731
-2588
-3331
-3938
-3686
-3226
-2852
-2680
-2600
-2251
-2121
-2600
-2968
-3619
-4292
-4533
-4303
-4109
-3956
-3568
-3053
-2212
-1142
-358
428
1401
2279
3164
3851
4365
5059
5368
5286
4829
3978
3322
2728
2167
1271
562
93
-791
-1880
-3295
-4687
-5622
-6501
-7632
-8732
-9565
-10251
-10945
-11601
-12434
-12459
-12300
-12050
-12040
-13074
-13850
-14032
-13913
-13611
-13009
-12359
-12044
-12142
-11837
-10772
-9392
-8559
-8837
-8876
-8466
-7080
-5214
-4199
-3428
-2174
-1168
-936
-1325
-1348
-594
723
1449
1340
1386
1374
1270
1252
1426
2111
3315
4548
5757
6851
6736
5272
4600
4903
5849
7723
8234
6943
5411
3567
2745
3250
4794
6592
7971
9309
9954
10858
12404
13476
14265
14024
12157
9996
8170
6753
5331
4193
4721
5954
6175
5865
6425
7586
7753
6969
6005
5079
4701
4265
3943
3996
3722
3333
2656
1744
498
-442
-328
891
2804
3579
2351
469
-659
-776
1
1517
2956
3346
3669
3778
2952
1772
477
-870
-2660
-4232
-3925
-2481
-2235
-3258
-3835
-3071
-1097
1151
1786
149
-2243
-4731
-6588
-7408
-7440
-6616
-5205
-4177
-3976
-4071
-4234
-4516
-4464
-3966
-4179
-5216
-6341
-6802
-6653
-5795
-4793
-4070
-3191
-2935
-3112
-3887
-5283
-5802
-5468
-4617
-4347
-4875
-4707
-4038
-2796
-267
3015
6350
8626
9090
7920
5611
2829
314
-1981
-3631
-4453
-4192
-2634
17
2560
3238
2549
997
-525
-2021
-4142
-5920
-6929
-6518
-5067
-3384
-2002
-1423
-1366
-1019
-685
-528
94
783
880
134
-227
-60
-620
-1697
-1704
-105
1564
2592
3112
2566
1414
521
1134
2663
3682
3726
1862
-573
-1727
-1482
-319
1324
2385
2216
1770
1135
176
-318
197
1444
2215
1791
1263
2093
4240
5703
5095
4419
4916
5464
5251
4287
3397
2723
2794
3294
2901
838
-1912
-3609
-4008
-4727
-5941
-6158
-5090
-3554
-2514
-1649
-165
2253
4121
4121
4085
4770
5864
6819
7205
7761
8370
7550
4738
1478
-809
-3424
-6567
-7519
-5620
-3770
-2733
-2353
-2072
-2520
-5376
-8936
-10370
-9077
-7677
-5976
-3650
-1119
1742
4050
5553
5883
5588
5281
4928
3511
254
-3012
-4811
-4886
-3322
-1252
549
1046
205
-615
-917
-409
639
1039
1242
1734
1922
2131
1748
849
612
639
-569
-2770
-3378
-2076
-1902
-4439
-7842
-9561
-9811
-9845
-9763
-7953
-3955
-511
2035
4933
6998
6584
4049
1046
-623
-1158
-2184
-2712
-1379
1360
4022
5773
6052
5048
4708
4446
3314
2751
3387
4263
3316
183
-2300
-1772
-533
-1424
-4230
-7389
-9402
-10365
-10190
-9419
-8743
-6744
-2929
-91
792
2536
6800
10422
10227
8069
6335
5900
7396
9652
10683
9794
7304
4496
1029
-2557
-4231
-4334
-3935
-4518
-6003
-6980
-6494
-3682
491
3220
3029
1308
685
1271
1602
770
-893
-1553
-2152
-3716
-5789
-7017
-5300
-1610
1314
1471
-757
-3069
-2436
1750
6468
10357
14374
18135
19547
18268
16501
15443
13323
9663
7408
6820
3846
-1799
-6649
-10357
-13444
-14577
-12541
-8408
-5461
-5569
-6153
-5589
-4291
-4240
-6347
-8290
-8163
-6108
-4441
-3630
-2214
-416
810
322
-1643
-2756
-2387
-958
-207
-623
348
4232
8211
9464
9171
8962
8668
7980
7213
6397
5130
2167
-79
2990
8779
9795
3895
-2213
-4016
-3980
-4284
-5359
-5649
-4040
-1440
504
855
278
-1145
-3527
-6295
-8697
-9453
-9218
-8858
-7689
-5459
-2322
1590
4874
6566
7099
7704
9228
10908
11375
8669
4735
3155
2692
934
-2366
-5559
-7383
-6500
-2716
1436
3989
4357
2498
21
-2064
-3703
-5641
-7664
-8250
-6843
-4237
-3671
-5441
-4988
-929
2428
4006
5480
4802
1301
-305
1616
3216
2052
-1102
-3499
-3621
-2818
-1482
-875
-1566
-2444
-3701
-5047
-5923
-6909
-7634
-6708
-4784
-3377
-1185
3158
8131
11560
11966
10466
8975
8131
7264
4105
-693
-3518
-2533
1255
4914
5070
1909
-2710
-6115
-6510
-4867
-2651
-943
-651
-1368
-984
144
-332
-2408
-3180
-1751
-793
-2385
-4444
-4445
-1800
2939
7001
7352
4016
46
-2651
-3214
-2988
-5226
-8154
-8301
-6177
-3720
-1766
-1058
-2015
-3807
-5753
-7189
-8438
-9432
-9103
-8566
-8269
-7204
-5978
-5702
-6302
-6661
-5382
-2062
1930
5615
8554
11110
12295
12817
13704
14348
15387
16337
16622
16156
14300
11802
8891
5865
3204
608
-2456
-4983
-5730
-5598
-6776
-8976
-10225
-9598
-7469
-5574
-4860
-4713
-4215
-2475
124
2147
3609
4630
4499
3816
4022
4901
6024
6826
5807
3184
55
-2545
-3899
-4956
-5913
-6714
-7667
-7558
-6124
-4662
-4141
-4076
-3266
-1607
10
835
746
-130
-2555
-4953
-5407
-4959
-3836
-2131
-582
432
362
-1111
-2313
-1224
1919
5178
6376
5128
4035
3632
3246
2382
417
-1796
-3828
-5068
-4685
-3224
-1181
824
1997
3045
4235
4586
3586
2213
1621
1246
543
168
249
547
1023
1957
4041
5680
5932
4888
3018
2478
3097
2907
1166
-1434
-3558
-4829
-5898
-6346
-5083
-3109
-1870
-1074
-680
-624
69
1152
2492
3751
4326
4480
4426
4324
3556
2671
3032
3182
3323
3795
3301
2160
1138
517
-343
-969
-679
-257
261
626
545
-686
-2139
-2475
-2232
-2414
-3031
-3609
-4481
-4041
-2315
-996
-29
609
732
1193
2525
3943
3935
2547
848
-1197
-3133
-4590
-5333
-5189
-4601
-4918
-5851
-6121
-6016
-5789
-5550
-4538
-2193
108
-397
-2534
-3532
-2690
-538
1164
1201
471
397
1074
2086
2021
491
-1110
-1056
1131
3968
5863
5862
4691
3388
2034
1273
1264
1091
319
-385
-569
-994
-1515
-1435
-475
802
1535
2121
2309
2155
2924
4417
6208
7397
7475
7697
8825
9757
10464
11295
11765
11962
13498
17699
23220
28306
31404
30387
24111
13748
953
-11242
-19510
-26373
-31996
-32766
-32767
-32766
-32766
-32768
-32766
-32766
-32768
-32750
-32357
-30046
-25343
-20468
-16128
-12010
-8120
-3961
1063
6552
11471
15862
19581
22528
24607
25666
25993
25059
22955
20617
17266
14167
12812
11149
9290
7995
7203
6716
6184
5409
4122
2741
1623
936
815
158
-1063
-2140
-2670
-2949
-2832
-2294
-1631
-1085
-597
18
869
1676
2017
1772
1357
1030
803
858
1088
1356
1681
1804
2096
2313
1941
1395
802
479
158
-517
-1072
-1785
-2305
-2296
-2074
-1888
-1808
-1520
-1113
-1038
-1484
-1820
-1798
-1722
-1975
-2595
-3394
-3491
-3051
-3120
-3026
-3986
-5728
-5066
-5108
-6119
-6349
-6646
-6445
-5827
-5101
-4796
-4890
-5085
-5186
-4710
-4751
-4837
-4559
-3783
-2466
-1468
-779
-343
100
556
855
934
1211
1523
1886
1990
2531
3154
3563
4452
5163
5830
6033
6029
5918
5621
5554
5308
4932
5011
5318
5458
5526
5372
5135
4731
4303
4052
3638
3119
2484
1776
1171
753
306
-250
-595
-672
-1248
-1761
-1767
-1647
-1270
-622
-188
291
895
1393
1887
2145
2307
2480
2614
2782
2899
2806
2712
2936
3249
3800
4174
4482
4611
4699
4983
4947
5008
5115
4841
4654
4533
4524
4439
3834
3162
2559
2119
1179
-467
-2090
-3013
-3071
-2843
-2498
-2482
-2863
-3275
-3700
-4593
-5414
-6045
-6605
-6939
-6671
-6223
-5986
-5545
-5013
-4539
-3944
-3314
-3194
-2817
-2098
-1962
-2092
-1368
-253
-427
-745
-506
-408
-212
377
778
1270
1866
2087
2303
2268
1944
1773
1653
1476
1260
1098
832
832
800
803
899
909
979
1059
922
886
668
362
300
122
-182
-328
-584
-763
-576
-732
-1077
-1241
-1315
-1267
-1260
-1303
-1393
-1262
-1108
-1034
-1077
-1100
-1207
-1118
-942
-852
-806
-786
-1019
-735
-479
-636
293
628
540
737
483
1
-367
-501
-587
-395
-537
-728
-514
-265
-120
-113
-28
-61
219
669
804
841
891
1012
1053
1056
925
976
908
717
663
684
498
272
403
664
753
549
180
166
201
-289
-386
-131
-199
-232
-189
-162
-275
-441
-561
-571
-228
176
548
707
844
1179
969
734
427
-186
-747
-1328
-1941
-2815
-3505
-4025
-4663
-5277
-5762
-6116
-6742
-7036
-7012
-7295
-7322
-7657
-8260
-8310
-8698
-8941
-8778
-8935
-9089
-8764
-8509
-8221
-7997
-7690
-6971
-6342
-5926
-5387
-4561
-3542
-2782
-2486
-2075
-1339
-496
237
810
1390
2061
2802
3532
4290
5014
5595
5908
6330
7000
7287
7371
7282
7780
8090
7832
7800
7758
7578
7517
7304
7229
7354
7147
7044
6969
6751
6507
6406
6175
5858
5532
5180
4819
4391
3779
3206
2783
2353
2067
1922
1785
1585
1176
637
872
1356
678
478
1153
1475
1397
1622
1861
1971
1903
1278
821
487
178
-60
-521
-1003
-1140
-1461
-1852
-2043
-2294
-2510
-2453
-2082
-1774
-1547
-1375
-1444
-1177
-742
-730
-905
-1501
-1869
-1922
-2262
-2355
-2394
-2434
-2572
-2511
-2637
-2633
-2309
-2127
-1921
-1729
-1741
-1634
-1657
-2012
-2317
-2676
-3025
-2932
-2990
-3325
-3383
-3284
-3108
-2882
-3006
-3192
-2963
-2700
-2484
-2243
-2136
-1911
-1267
-930
-631
-459
-319
-83
355
-68
-562
447
747
733
1178
1516
1696
2207
2502
2409
2886
3390
3469
3342
3135
2957
2659
2494
2300
2151
1995
1725
1586
1636
1677
1637
1607
1358
1233
1164
1153
1196
1231
1254
1370
1884
2376
2900
3447
3709
3705
3597
2821
1726
862
187
111
428
74
-343
-451
-65
457
618
486
119
735
841
169
45
-23
-425
-736
-1009
-1712
-2627
-3224
-3975
-4740
-4365
-4457
-4807
-4694
-4278
-3821
-3396
-2861
-2347
-1697
-1131
-715
-733
-1076
-1214
-1618
-2202
-2591
-2814
-2688
-2490
-2163
-1920
-1679
-1482
-1313
-1177
-788
-218
227
906
2054
3023
3476
3387
2936
1924
677
319
354
80
-519
-1249
-1443
-1831
-3258
-2260
-437
-571
66
686
567
369
-338
-784
-1502
-1796
-1262
-869
-572
-69
742
1187
1619
1545
1431
1775
1742
1982
2016
1828
1170
810
1044
1769
2980
4211
6160
7688
8254
8761
8598
7671
6701
5576
4236
2630
981
-332
-671
-58
954
1980
2635
2833
2730
2349
1981
1478
673
-226
-469
-178
-559
-441
-50
-369
-680
-1027
-1762
-2690
-3544
-4690
-5965
-7231
-8045
-8773
-8996
-8604
-8155
-7112
-5472
-3595
-1759
-598
50
526
1055
1336
1163
700
-33
-537
-624
-800
-1133
-1563
-2121
-2624
-3107
-3427
-3548
-3339
-2811
-1954
-586
611
2004
3337
4689
5982
6150
5733
5232
5031
4711
4053
3149
1815
302
-849
-1666
-2447
-3093
-4303
-5580
-6243
-6661
-6231
-5341
-4395
-3515
-2931
-2467
-2350
-2071
-1467
-789
-95
309
584
952
1021
778
357
50
-286
-795
-1161
-1371
-1607
-1767
-1665
-1226
-928
-912
-941
-815
-963
-1593
-2385
-2586
-1815
-1000
-151
777
1145
1457
2151
2709
2903
3279
3494
3308
3135
3261
3363
3862
3732
1726
521
413
-38
-418
221
1577
2710
4089
5333
5860
6024
5549
4948
4844
4317
3539
2400
1048
318
189
542
408
-846
-2129
-2467
-2095
-1746
-1892
-2193
-2604
-2643
-2225
-1841
-1795
-1853
-1832
-1919
-1672
-1081
-505
-172
20
304
879
1080
859
618
331
321
737
1022
864
724
330
28
-242
-959
-790
-729
-1257
-1309
-1312
-1097
-695
-680
-584
-360
250
567
595
778
1079
1407
1472
1807
2148
2116
2255
2558
2737
3002
2945
2463
2418
1967
1298
1010
618
87
-454
-429
-180
16
61
40
291
301
399
603
472
548
453
231
156
130
394
577
655
644
515
678
813
762
792
738
723
603
546
573
436
551
459
225
-92
-830
-1433
-2123
-2748
-2936
-2787
-2703
-3112
-3587
-4237
-4978
-5240
-5542
-5984
-6147
-5909
-5291
-4907
-4695
-4441
-4465
-4511
-4268
-4202
-4057
-4124
-4386
-4581
-4932
-5061
-5404
-5770
-6147
-6757
-7595
-8464
-9105
-9715
-10467
-10836
-10799
-10302
-9694
-8928
-7815
-6721
-5753
-4900
-3642
-1751
1020
4970
8422
11376
14031
16749
20441
23907
25734
25222
23006
20083
17399
15209
13126
11382
9994
8672
7230
5591
3564
1620
-502
-2469
-3416
-3695
-3766
-3315
-2844
-2172
-1912
-1528
-974
-403
118
598
1127
1806
2775
3436
4135
4661
4738
4666
4914
5259
5548
5701
5515
5743
5863
5715
5660
5694
5315
4904
4510
3808
3069
2296
818
-584
-804
-1743
-2999
-3920
-4588
-4993
-5300
-5641
-5972
-6292
-6742
-7010
-6963
-6328
-5176
-3646
-1930
12
1780
3091
3735
4862
6343
6945
7617
7979
8053
8136
8304
8165
7313
6043
4408
2694
1144
-352
-2028
-3472
-4877
-6129
-7303
-9067
-9901
-10603
-11483
-12068
-12360
-11925
-11351
-10799
-10100
-9674
-9277
-9722
-10122
-10204
-11001
-10734
-10223
-10088
-10061
-10575
-11431
-12088
-12307
-12336
-12469
-12460
-12193
-11293
-10439
-9470
-8424
-7572
-5865
-4440
-2430
-171
1304
2224
3211
4469
5406
5629
5195
4372
3413
2342
1160
1393
2431
3449
4303
4729
4735
4533
4781
5673
6950
7940
8285
8024
7079
5524
4066
3579
4307
5471
6112
6540
7039
7132
7052
7241
7488
6897
5031
3440
2509
1918
2457
3634
4834
5616
5962
6124
6370
7046
7757
7908
7330
7144
7483
7727
7875
8104
8890
9116
8821
8761
9036
7471
3955
1257
134
-94
430
865
-40
-1180
-1823
-2554
-3199
-3882
-4461
-4996
-5673
-5284
-4071
-3028
-2893
-3550
-4172
-4424
-4716
-5121
-4544
-3628
-3217
-3033
-3464
-4519
-4896
-3677
-2313
-2304
-3361
-3697
-2891
-1870
-1452
-1928
-2201
-1871
-1192
-593
-36
734
368
-1478
-4055
-5533
-4514
-3136
-3041
-3502
-3489
-4031
-5723
-7736
-9173
-7605
-6428
-6852
-6811
-6008
-3639
-1076
301
1866
3981
6059
7186
6788
5540
3455
639
-2052
-3704
-4224
-3721
-2473
-1943
-2240
-3095
-4123
-4194
-3329
-1986
-509
1176
2103
1969
2653
4309
6050
7233
7604
6677
3750
-668
-4540
-5706
-4599
-3209
-2608
-2605
-2228
-1379
-108
807
642
-452
-1788
-3392
-4576
-5190
-4877
-3554
-2600
-2250
-1444
324
2214
3399
3793
4692
5843
6086
5539
4749
4461
4959
6261
6290
4287
1136
-1321
-1877
-940
166
1328
2130
1904
1352
138
-1519
-2230
-1883
-1193
-825
-490
496
1141
2089
3197
2906
1258
-159
-926
-2218
-4514
-7267
-7980
-6252
-3350
-640
747
865
-99
-638
-214
-328
-1695
-2768
-1862
262
2935
5829
8236
9268
9317
9271
8078
6116
4535
3549
2663
505
-1346
-1962
-1529
103
789
-158
-1838
-3030
-4853
-7837
-10343
-10818
-9415
-8341
-7758
-6577
-4188
-889
1985
3211
2858
2346
3370
5376
6966
6889
5400
4010
2692
1436
735
561
78
-1976
-3352
-1424
1475
3336
4616
4099
2715
2959
4025
5175
6690
6693
4143
2096
2329
2523
1450
231
-475
-724
-2241
-5237
-7487
-8363
-9058
-10458
-11715
-11373
-8976
-5081
-1760
809
3716
5165
3502
1154
1857
5294
6747
5617
5339
5977
5819
5020
2665
-343
-2212
-4578
-7963
-10049
-10493
-11488
-12338
-10125
-4914
503
4186
5809
6786
8247
10645
12405
11857
10517
9409
7634
5598
4976
3762
763
-857
-93
1147
209
-2687
-4402
-3491
-638
746
-1558
-6320
-10600
-10475
-4926
1326
4968
7160
8072
7183
5140
2671
1377
1447
1338
95
-1820
-2272
-714
308
-297
-229
587
509
-738
-1773
-2099
-1748
68
2497
4547
5468
3594
529
-370
-1093
-2435
-2495
-2572
-4598
-6687
-5444
-1508
1619
2354
362
-2814
-5034
-6388
-7380
-6820
-4790
-3987
-3797
-866
4873
10126
12382
11124
8722
7463
6810
5948
2817
-3498
-8114
-7461
-3938
-955
22
-529
-1030
-449
477
-10
-1589
-2947
-3446
-958
2967
4044
1732
-1036
-2896
-3791
-3443
-4029
-5110
-6253
-6887
-4225
-961
574
2847
5036
2828
-1030
833
7184
11613
10856
7153
5284
2917
-2299
-6558
-8470
-9365
-9188
-8211
-6906
-4127
-1044
-1058
-4837
-9069
-11294
-10359
-5499
1633
6528
6904
5460
4884
5404
5428
5066
6038
8156
9343
8127
4834
1432
-822
-3086
-6854
-9527
-7993
-4637
-2397
-1136
1522
5265
4877
-227
-4559
-4829
-4654
-5310
-3828
366
3854
2501
-2337
-5775
-6336
-4500
-720
3470
6547
7744
7070
4830
1894
-71
-553
-1326
-2752
-3086
-1827
911
3166
3466
2030
241
-908
-1571
-622
2192
4604
5059
4459
4978
5865
5550
4940
4028
1524
-3663
-9117
-10657
-7360
-4263
-4984
-6740
-7639
-7107
-4247
-1720
-2017
-3815
-4454
-1845
2978
6953
8444
5343
593
-1270
-1592
-813
1560
4040
5207
4225
1427
-227
1855
5962
7432
4752
654
-2375
-3840
-5269
-7716
-9488
-9104
-7095
-5461
-5182
-4489
-1864
1857
3636
2277
-208
-282
1684
3194
4451
5172
4133
2200
1872
1781
-1159
-4427
-2625
3984
8787
8396
5469
2983
1841
1237
830
791
80
-1941
-4044
-4460
-3527
-1823
-412
-322
-1006
-884
180
426
-1293
-4315
-6671
-7687
-6971
-5274
-4176
-3579
-3048
-2282
-1365
-659
245
1422
3064
5416
8142
10665
11780
11362
10789
10578
10700
10082
8021
5682
3823
2737
2082
1100
166
-298
-430
-273
512
963
219
-139
-182
-946
-2187
-3763
-4801
-5326
-4666
-3374
-2214
-1297
-1478
-2524
-3553
-4352
-5563
-7194
-8758
-9406
-8795
-7403
-6190
-5189
-3771
-2230
-1287
-906
-1298
-2961
-4780
-5251
-4370
-3529
-2636
-515
2220
4226
4786
4120
3207
2533
1533
-443
-1841
-1360
224
1404
751
-455
-843
-851
-1368
-2375
-2122
-419
1039
656
-1681
-3469
-3870
-4969
-7344
-9296
-9452
-7938
-6458
-6217
-6625
-6310
-4769
-1543
2426
5289
6983
7815
8833
9719
10245
10795
10301
8149
5141
2690
1364
274
-712
-1035
-600
229
1268
2454
2802
2468
2356
2734
2437
551
-1534
-2049
-1654
-1162
-510
-225
95
-6
-1058
-2282
-3036
-3893
-4694
-4395
-3958
-3657
-3022
-2927
-3584
-4379
-4725
-4024
-2264
-402
98
-123
1140
3985
6969
9091
9888
9861
9698
9308
8006
5574
3478
3432
5340
7553
9337
11646
13710
14555
13295
11209
10814
13120
17981
23880
28976
31714
31712
28571
21300
11948
1133
-10757
-21418
-30153
-32768
-32719
-32768
-32765
-32768
-32766
-32764
-32768
-32762
-32768
-32598
-31137
-27388
-23172
-19182
-14719
-10195
-4959
1247
6948
11692
15961
19711
23930
27676
29836
30855
29974
28099
26125
23634
21249
18714
15658
12892
9876
6693
3653
819
-1422
-2687
-3537
-4396
-4853
-4481
-3539
-3068
-3179
-3502
-3520
-3186
-2558
-1766
-779
-878
-1543
-1590
-1299
-1156
-1144
-633
-187
440
935
371
-373
-268
308
783
1576
2856
3238
2508
2050
2107
2069
2052
2129
1921
1766
1705
1556
1242
1072
1310
1682
1051
-599
-1597
-2444
-3146
-3661
-3960
-3449
-2563
-2191
-2101
-2488
-3125
-3669
-4131
-4270
-3971
-3753
-3786
-3612
-3394
-3236
-3074
-3638
-4204
-3834
-2834
-1876
-1556
-1456
-1017
-553
-155
-111
-209
73
307
916
1229
1235
1649
2042
2441
2713
2866
2820
2855
3062
3113
3194
3093
3076
3175
3110
3296
3562
3780
4010
3818
3428
3118
2960
2782
2308
1757
1465
1329
1419
1445
1584
1684
1552
1416
1266
1114
1003
947
885
874
748
833
961
1396
1919
1804
1572
1471
1609
2033
2211
2096
1938
1907
1761
1607
1438
1226
1146
1138
1128
1232
1569
1827
1894
2121
2414
2271
1895
1547
1525
1572
1503
1668
1894
1922
1951
1816
956
-519
-1908
-2838
-3280
-3438
-3277
-3195
-3276
-3352
-3861
-4711
-5626
-6554
-6711
-6329
-5915
-5141
-4419
-3766
-3172
-2876
-2910
-2970
-2856
-2713
-2620
-2413
-2001
-1547
-889
-374
-582
-1028
-1143
-937
-1009
-1090
-806
-825
-810
-1214
-1617
-1507
-1773
-2104
-2208
-1720
-1443
-1277
-1093
-1447
-1500
-1264
-1497
-1770
-1809
-1027
-31
272
1014
1537
1509
1208
923
706
462
491
502
125
-443
-1031
-1350
-1013
-873
-1043
-1178
-950
-338
-108
-316
-351
-402
-193
452
907
1308
1647
2038
2592
2990
3300
3507
3766
3718
3266
3322
3655
3502
3273
3111
2797
2582
2478
2548
2955
3008
2473
2235
1911
1485
1056
565
366
1
-376
-917
-1362
-1652
-1853
-1954
-2277
-2511
-2404
-2484
-2503
-2359
-2401
-2227
-1882
-1395
-1678
-2071
-1753
-1483
-1577
-1761
-1666
-1484
-1351
-1371
-1524
-1710
-1492
-1205
-1223
-1513
-2054
-2233
-2055
-1767
-1504
-1437
-1405
-1222
-1358
-1613
-1698
-1613
-1667
-1845
-2196
-2618
-2999
-3206
-3199
-3498
-3852
-4212
-4519
-4517
-4454
-4631
-4657
-4604
-4517
-4136
-3839
-3520
-3107
-2706
-2508
-2291
-2007
-1934
-1770
-1408
-1163
-938
-835
-746
-499
-322
19
107
251
349
616
855
1151
1620
1759
2219
2616
3168
3771
4121
4448
4839
5132
5511
5910
6203
6590
6816
6800
6358
5917
5690
5411
5218
5079
4632
4130
3795
3620
3589
3312
3070
2898
2922
2865
2777
2521
2065
1799
1480
1446
1210
658
528
438
200
208
62
273
762
883
1113
1323
1518
1668
1696
1760
1894
2090
1956
1713
1538
1513
1644
1679
1487
1278
1217
1180
1031
1004
1011
862
784
746
798
789
435
-165
-780
-1047
-1003
-1379
-1740
-1978
-2321
-2961
-3807
-4389
-4821
-5037
-5314
-5544
-5355
-5065
-4744
-4599
-4411
-4114
-4045
-3950
-3781
-3670
-3616
-3815
-3914
-3506
-3421
-3393
-3480
-3703
-3633
-3647
-3539
-3271
-3263
-3347
-3078
-2722
-2464
-2155
-1403
-548
24
251
720
1488
1764
1734
1480
1219
1350
1062
672
606
764
1345
1743
2036
2466
3060
3752
4263
4492
4367
4301
4279
4014
3649
3171
2827
2650
2342
1993
1614
1239
1444
1275
740
106
-452
-486
-421
-275
-411
-695
-397
-342
-616
-832
-1068
-1173
-1533
-1802
-1786
-1872
-1968
-1857
-1568
-1920
-2387
-2463
-2572
-2946
-3328
-3547
-3734
-3994
-4000
-3662
-3640
-3670
-3202
-2750
-2600
-2411
-2034
-1663
-1302
-1220
-1019
-579
-464
-388
-262
263
1060
1505
1965
2212
2740
3674
4409
4518
4341
4574
4817
5040
5130
4512
3714
3333
2832
1838
901
272
-470
-1068
-1617
-2492
-3165
-3149
-2762
-2682
-2745
-2538
-2190
-1778
-1558
-1542
-1381
-684
-102
249
397
177
115
356
275
-62
196
185
53
361
128
17
464
447
354
485
684
645
297
625
877
947
1295
1489
1519
1235
858
728
288
-432
-1039
-1168
-624
-403
-417
-112
593
840
725
914
870
968
1104
721
672
909
1066
996
842
1220
1260
1214
1579
1731
1547
1212
1213
1867
2322
1835
1350
1538
2261
2097
1392
1493
1804
1896
1662
1343
1320
1424
1212
458
55
383
372
-295
-320
227
-269
-940
-618
-973
-1635
-1724
-2162
-2718
-2775
-2725
-2992
-3033
-2944
-3114
-3413
-3292
-3058
-3014
-2871
-2317
-2211
-2443
-1767
-1019
-1031
-819
-173
-23
15
20
355
1210
1544
1759
2657
3574
3868
4133
3921
3350
2998
2635
2423
1928
1139
115
-549
-692
-1121
-1844
-1636
-1067
-1413
-1571
-968
-1073
-1480
-1163
-1234
-1219
-984
-1534
-1867
-1036
-635
-896
-1177
-1078
-564
-630
-883
-487
-402
-999
-1082
-865
-1136
-965
-342
-304
-377
52
116
18
316
613
638
816
981
1280
1701
1376
916
1267
1589
812
221
383
246
-17
223
740
997
1089
975
874
1140
1132
723
580
312
-146
126
496
-112
-566
-41
338
145
-309
-640
-689
111
1085
629
-639
-1394
-1863
-2955
-3543
-2097
-106
442
-425
-1237
-1084
-769
-425
483
587
81
129
585
993
574
-244
-593
-779
-1199
-1536
-1717
-1842
-1735
-1036
-749
-1253
-1457
-1107
-926
-707
-561
-601
-107
399
365
131
466
378
-19
-149
-341
-665
-1062
-1307
-1971
-2369
-2196
-2110
-2337
-2224
-2062
-2230
-1877
-1741
-2216
-2002
-1564
-2057
-2554
-2037
-1610
-1290
-1055
-1220
-758
-445
-959
-760
-17
862
1770
2009
1314
642
1045
1671
1907
1844
1612
1327
1216
1026
713
280
-80
-178
-758
-1092
-453
-80
-340
86
179
-249
455
1258
1255
1506
1521
900
981
1352
978
722
590
-346
-407
463
613
659
843
852
988
1175
1244
1211
1152
919
721
833
383
46
379
765
602
417
446
709
1242
1593
1679
1673
1767
1907
1909
1682
1580
1964
2291
2306
1880
1669
1834
1541
884
740
1195
947
252
612
681
98
-41
-193
40
506
545
384
1046
1778
1155
573
893
1114
1410
1379
903
957
1132
1374
1332
1096
974
800
803
346
-21
201
394
201
-338
-282
81
250
590
687
363
442
574
665
829
618
-62
-324
-569
-1194
-1292
-1455
-1513
-1112
-945
-1277
-1214
-773
-748
-994
-889
-991
-1672
-1535
-1168
-1206
-1187
-1346
-1552
-1543
-1398
-1476
-1592
-1134
-877
-931
-702
-186
-214
-729
-177
491
208
26
151
461
581
235
-73
-329
-794
-1016
-796
-640
-1072
-1323
-1017
-507
445
924
1059
1284
1635
2053
2285
2640
2957
3108
2817
2413
2503
3000
3143
3050
3062
2792
2471
2394
2214
1839
1582
1164
855
834
435
-149
-278
-256
-486
-853
-750
-569
-1046
-1215
-1516
-2047
-1938
-1892
-2094
-2196
-2488
-2632
-2612
-2862
-3128
-3281
-2840
-2540
-2382
-2208
-2005
-2081
-2398
-2490
-2960
-3333
-3977
-4999
-5042
-4540
-4903
-5199
-5261
-5092
-4811
-4644
-4542
-4987
-5518
-5671
-5869
-6333
-7027
-7777
-8129
-8397
-9063
-9852
-10535
-11725
-12897
-12677
-12108
-11307
-10097
-8830
-7008
-3763
418
4076
7076
10046
12729
15339
17562
18587
18678
17969
16813
15168
13987
13060
11778
10715
9794
9585
9926
10180
9868
9096
7832
5753
3633
1986
575
-510
-789
-592
-8
893
1499
1845
2131
2805
3151
2993
2775
3095
3706
3500
3368
4052
4712
5305
5611
5871
6037
6138
6640
7013
7170
7224
7466
7848
7656
7371
7131
6173
4636
3041
1448
-543
-2291
-3175
-4327
-5450
-5925
-6077
-6029
-5857
-5265
-4222
-3701
-3540
-2876
-2001
-1075
-5
1330
2601
4153
5768
6581
7169
7384
7252
7107
6491
5366
3720
2372
1400
-82
-1905
-3820
-5826
-7615
-9323
-10781
-12510
-14872
-16715
-17609
-18205
-19011
-19962
-20354
-20075
-19987
-20153
-19659
-18224
-16809
-15539
-13775
-11759
-9606
-7528
-5873
-4326
-3012
-2441
-2222
-1371
10
1017
2105
2810
2741
2882
3270
3301
2606
1817
1449
1414
1698
1377
457
69
211
698
1291
1895
2107
2085
2179
2022
2206
2616
2270
1999
2101
2487
3363
4795
5975
6232
6048
5778
5328
5248
5069
4693
4267
3841
4247
4611
4155
3707
3572
3338
2878
2117
1460
1547
1736
2280
3300
3771
3274
2312
970
-449
-1761
-2222
-1028
920
2831
4450
5958
7967
9756
10083
9620
8223
6139
4614
4083
3921
3779
3572
3069
2447
1946
1999
2283
2661
3385
3641
2790
634
-2080
-3755
-4918
-5760
-5372
-4212
-3919
-4805
-5289
-5644
-5295
-3852
-3200
-3867
-4822
-5311
-4688
-2785
-941
-843
-2861
-5706
-7649
-7882
-7323
-6623
-5431
-4759
-4807
-4120
-2631
-972
357
319
-3
953
1683
1389
1319
1130
62
-825
-1272
-1387
-1683
-2388
-3330
-4348
-3807
-1895
-855
-1886
-4148
-5051
-2911
-3
920
-346
-2188
-2955
-2578
-1216
248
1101
1923
3358
5150
6284
6599
6664
6529
5878
4894
3235
473
-2854
-5306
-7286
-8939
-10169
-10729
-10389
-9864
-8992
-7454
-6135
-4947
-3701
-1908
626
2481
3479
4511
6263
8103
8808
8518
7291
5295
3254
2510
2846
2849
2626
2143
1762
1956
1999
1535
155
-1610
-2080
-1828
-1245
-423
-88
133
608
1848
4036
6590
8612
9445
9789
9346
7456
6083
5166
3241
522
-2501
-4633
-5043
-4820
-4976
-5809
-6336
-6186
-5578
-4430
-3862
-4777
-4869
-2681
-306
1055
1936
1868
1227
1099
1189
594
138
475
1389
2798
4602
6071
7210
8010
7010
4499
2771
3302
4985
5290
3388
22
-2519
-2947
-2922
-3399
-3809
-3067
-376
2467
3772
4708
5816
6776
6874
5802
4403
3435
2195
589
-83
-699
-2246
-3381
-3953
-4829
-6118
-8364
-9727
-8766
-7443
-7123
-6315
-4664
-3501
-3384
-4424
-4445
-2338
-996
-2011
-2866
-976
2150
4136
5457
7044
8172
7967
6663
6629
7627
6771
4545
2615
539
-945
-1602
-2820
-4877
-6441
-5788
-4993
-6383
-8119
-6402
-2060
797
1058
78
-96
94
-897
-1787
-919
665
2181
2395
1569
2123
3540
3158
2601
2402
-98
-3602
-4869
-3489
-2621
-3733
-3437
-629
2430
5440
8301
9944
9639
7960
6405
4488
1829
-1208
-4533
-6854
-7157
-5691
-2540
917
2531
3037
3487
3069
1703
26
-2237
-3674
-2975
-266
3149
5449
5094
1748
-2209
-5782
-7695
-6405
-3338
-1201
-2153
-2370
242
2033
3043
4580
7388
10095
9697
8163
8398
9389
7520
2766
-1036
-2154
-2351
-2069
-1607
-2420
-4621
-6425
-5925
-4125
-1528
1448
2453
1097
-847
-2517
-4273
-4083
-893
1223
-517
-3489
-4619
-4393
-3250
-1353
-228
377
1637
2603
2226
438
-1370
-970
1584
2716
-47
-4709
-7421
-6205
-2969
-803
430
1326
2310
4507
6633
6345
4710
4266
4699
2670
-1164
-3316
-3506
-1871
652
554
-1382
-2083
-740
2264
5119
5075
2216
-1543
-6015
-9290
-8585
-5650
-4431
-6545
-8723
-7294
-3576
-1394
-2422
-4543
-4569
-2229
873
3205
3287
4579
9958
12411
8178
3800
2273
3037
5289
6279
3720
-766
-4353
-5583
-3687
409
3308
2454
-127
-2452
-4085
-5188
-5403
-4455
-4210
-5925
-8426
-9556
-7136
-2505
165
-659
-3089
-5370
-6111
-4220
-1649
791
1940
-622
-3127
-2479
579
4920
8150
9126
10684
12646
11651
8631
7882
9639
9632
6446
2398
772
963
210
-1876
-4800
-7470
-8369
-8577
-9924
-10309
-7075
-2931
-2159
-4167
-5926
-6377
-3937
1500
4374
1815
-1986
-2039
-238
-904
-3011
-5032
-5542
-2548
2761
6855
7797
6433
5077
5051
4984
3077
-512
-2836
-357
5430
8240
5781
899
-3752
-4727
-2066
1239
2645
124
-4544
-6139
-3551
126
1344
-614
-2717
-2777
-2546
-3382
-2438
579
1685
-620
-3466
-4256
-2775
-395
-96
-2444
-4304
-4765
-3809
-629
3316
5300
5264
5011
5970
8306
9649
8103
4883
2849
4806
8253
9193
8417
4423
-4157
-10868
-9544
-2396
3932
4197
-1010
-7094
-9683
-7976
-5244
-3820
-2617
-362
1624
1539
-891
-3687
-3783
-1902
-113
2217
5752
7048
2672
-2081
-372
5275
9302
9231
6044
2419
-601
-2462
-3303
-4671
-6293
-6884
-6704
-7600
-8810
-7603
-3996
315
3198
3315
592
-3619
-5686
-3430
612
2563
1789
1392
2714
4354
4473
3026
1173
111
134
-173
-2005
-3720
-3635
-1990
-143
680
586
-590
-1923
-2263
-2754
-2883
-2045
-1601
-1126
576
2856
5126
6948
8323
9510
9750
8262
5681
2909
842
422
1219
1711
1798
1318
-370
-1703
-1322
-689
-1012
-1619
-1828
-1188
598
2154
2828
2620
1671
618
-615
-2130
-4087
-6095
-6769
-5803
-3390
-1326
-1648
-3451
-4235
-2244
463
1749
1772
1144
887
1192
1133
418
-217
-1439
-3917
-6577
-8130
-9117
-9889
-10073
-9565
-7691
-3735
865
4152
5463
5139
4460
4912
6086
6758
7206
7444
7633
8082
7805
6331
4540
3123
1955
800
-862
-2991
-5154
-6540
-7365
-8037
-7942
-6343
-4416
-3453
-3300
-3716
-3571
-2496
-682
638
1031
363
-853
-1387
-1229
-429
636
656
-565
-992
-632
-613
-447
216
920
1184
1008
845
1222
1818
2804
4181
4957
5137
4968
4391
3525
2516
1469
1523
2183
3286
4643
5197
5249
4933
3991
2407
1162
1100
1309
1368
2131
3827
6724
10105
13193
15519
17516
20014
23745
28710
32201
32013
27926
18995
7362
-3089
-12456
-20899
-28328
-32761
-32739
-32767
-32766
-32768
-32767
-32765
-32767
-32768
-32762
-32737
-31926
-28260
-22122
-16605
-11080
-5094
522
6146
10957
15557
19912
22683
24443
25488
25673
25152
24057
22026
19866
18572
17965
17092
15386
13038
10878
8983
7000
5225
3460
1720
355
-708
-1404
-1720
-2049
-2375
-2519
-2142
-1912
-1723
-1090
-656
-1116
-2207
-2964
-3378
-3651
-4419
-5292
-5415
-5148
-4113
-3476
-3546
-3236
-2593
-2052
-1508
-1132
-558
318
1380
2425
2886
2543
2036
1867
1720
1354
962
477
-129
-811
-1492
-1742
-1526
-1457
-1158
-1053
-1304
-2058
-3165
-3564
-3338
-3584
-4183
-4588
-4948
-5408
-5163
-4496
-3874
-3050
-2216
-1552
-1222
-1277
-1792
-2205
-1785
-443
1225
2427
3249
3438
3227
2884
1985
472
-470
-46
1065
2645
4156
5266
5976
6116
5506
4518
3608
2726
2203
2058
2015
2564
3035
3323
3539
3106
2544
1721
1058
1457
2575
4048
5538
6540
6809
6155
5087
3782
2721
2136
1738
1486
1232
842
351
193
229
50
-25
-22
-92
-146
-132
-237
-209
-139
-35
126
119
62
-34
203
598
1061
1767
2430
2995
3164
2898
2325
1175
46
-735
-882
-333
333
1096
1746
1794
1244
248
-1008
-1818
-2348
-2910
-3209
-3090
-2915
-2525
-1959
-1391
-619
-567
-1244
-1910
-2776
-3320
-3220
-3331
-3323
-3058
-2897
-2637
-2337
-2361
-2968
-3433
-3599
-3268
-2386
-1363
-336
426
812
894
496
-485
-1743
-2932
-3429
-3372
-3134
-2533
-1463
-207
889
1267
1096
798
435
131
-80
-301
-264
-156
-348
-246
-141
108
234
117
49
-78
-340
-498
-410
-308
-191
-36
227
543
824
773
622
439
-25
-247
-506
-820
-728
-645
-751
-822
-740
-675
-386
-65
12
86
-13
73
236
287
485
684
618
371
280
284
493
837
1088
966
808
867
844
877
491
130
208
68
-62
-89
-45
244
718
873
1096
1272
1182
1261
1193
688
210
-6
-107
-135
-206
-102
-159
-265
-15
124
376
652
478
398
477
390
524
291
-483
-1125
-805
193
877
1078
575
17
-440
-761
-1053
-1527
-2099
-2152
-2455
-2884
-3501
-4155
-4198
-4261
-4547
-5160
-5665
-6191
-6425
-6309
-6185
-6498
-7107
-7673
-8419
-8973
-8936
-8628
-8420
-8254
-8616
-9113
-8347
-7312
-7516
-8530
-9041
-7887
-5943
-4449
-3358
-2840
-2365
-1316
146
1195
665
-2185
-4364
-2333
2700
6948
8625
8975
9349
10201
10824
10754
10454
10482
10223
9394
8760
8356
8225
8050
8189
8536
8851
9060
8275
7015
6577
7173
7430
6814
6097
5522
5256
5149
4381
3287
2122
1459
1617
1637
1414
962
644
1073
1631
1161
936
1074
39
-652
1951
4986
4472
1955
871
2279
4033
4135
3280
2716
3211
4273
4717
4070
3043
2308
1981
1811
1510
811
-26
-800
-1425
-1819
-2129
-2376
-2738
-3207
-3464
-3510
-3586
-3671
-4369
-4832
-4983
-4998
-4701
-4804
-4784
-4865
-4745
-4399
-4292
-4308
-4349
-4471
-4564
-4392
-4216
-3927
-3721
-3776
-3949
-3948
-3793
-3539
-3307
-2838
-2642
-2681
-2581
-2358
-2405
-2440
-2235
-2073
-1589
-1247
-1084
-887
-448
188
608
746
459
166
363
601
902
1112
1087
1013
717
504
565
565
846
616
143
152
-7
-65
-18
-119
-114
141
321
499
616
701
845
922
749
786
1103
774
473
484
463
648
968
1051
1275
1417
1477
1384
1236
794
418
227
61
100
-24
-144
-93
134
493
601
776
903
996
1346
1414
1727
2224
2291
2376
2606
2867
2787
2748
2508
1982
1795
1439
1070
984
863
639
802
1019
1107
950
632
346
380
560
559
533
279
248
561
704
749
672
626
452
432
499
480
810
1043
987
1029
1053
1018
987
682
217
-110
-253
-517
-846
-1305
-1587
-1660
-1639
-1842
-1972
-1952
-2062
-2179
-2229
-2324
-2229
-1839
-1675
-1944
-2116
-2157
-2005
-1808
-1981
-2140
-2270
-2465
-2431
-2471
-2557
-2541
-2607
-2617
-2952
-3179
-3350
-3490
-3016
-2560
-2134
-1550
-863
60
1068
1612
1984
2046
1777
1522
1409
1452
1701
2031
1977
1760
1687
1826
2099
2148
2158
2403
2654
2746
2721
2809
2390
1500
630
-88
-348
-594
-934
-1051
-1306
-1624
-1797
-1851
-1696
-1214
-729
-154
572
1037
1419
1752
1649
1538
1649
1407
1158
1353
1568
2012
2380
2504
2944
3506
4018
4291
4187
3712
2991
2135
1113
283
-548
-1327
-1715
-1982
-2045
-2003
-1716
-1455
-1458
-1705
-1894
-1837
-1085
-577
-392
-105
-71
130
379
520
215
-494
-1208
-2100
-2609
-2717
-2365
-1680
-1328
-1027
-1126
-1216
-1120
-1207
-1045
-841
-131
390
590
949
1030
1284
1702
1465
1062
678
265
-11
28
209
292
483
1052
1659
1894
1928
1719
1429
817
126
-438
-1123
-1793
-2290
-2733
-3166
-3263
-3262
-3415
-3457
-3540
-3261
-2705
-2371
-2372
-2294
-1884
-1358
-940
-645
-364
-308
-127
2
8
-118
-298
-206
-323
-451
-164
-248
-555
-504
-783
-954
-343
-25
68
673
967
1049
1274
1232
1182
1152
1015
829
632
471
286
350
324
131
-76
-218
-161
-157
-97
1
159
514
871
933
721
626
632
571
466
434
481
583
470
227
55
21
230
343
207
-111
-500
-525
-145
58
139
145
-134
-330
-444
-733
-966
-1028
-911
-850
-734
-751
-771
-437
-265
-73
33
-205
-252
-440
-406
-116
246
582
861
1293
1241
1180
1114
1124
1169
995
721
532
476
562
621
443
355
319
363
531
595
501
393
376
381
329
176
40
189
476
605
736
460
319
378
393
420
119
-33
-90
-48
1
-157
-202
-261
-50
302
386
528
597
670
908
866
812
763
537
317
175
361
337
304
514
399
238
8
-255
-386
-509
-639
-684
-508
-508
-433
-98
-158
-97
-14
-156
11
35
-36
-58
-205
-465
-529
-489
-427
-394
-426
-386
-274
-156
-74
216
569
845
869
789
676
625
556
487
309
186
248
287
353
570
710
888
1325
1440
1416
1512
1373
1315
1452
1384
1312
1335
1352
1519
1684
1529
1440
1546
1529
1476
1536
1289
1149
1201
944
783
545
334
416
363
349
574
489
276
3
-113
-283
-329
-373
-655
-737
-756
-910
-1114
-1140
-1263
-1468
-1635
-1977
-2378
-2485
-2628
-2818
-3113
-3222
-3161
-3497
-3574
-3525
-3734
-3827
-3869
-3913
-3734
-3886
-4177
-4181
-4305
-4257
-4354
-4862
-5374
-5630
-6181
-6549
-6863
-7623
-8009
-8073
-7846
-6833
-5494
-4126
-2906
-2194
-1730
-729
810
2432
4346
7068
10202
12907
14900
15422
14347
12582
10318
8378
6829
5703
4978
4549
4426
4447
4569
4336
4165
3745
3000
2326
1405
185
-1067
-2149
-3053
-3536
-3591
-3291
-2954
-2622
-2010
-1569
-1003
-432
-164
179
869
1660
2376
3059
3623
4152
4609
4858
5218
5501
5443
5576
5474
5264
5442
5859
6208
6449
6498
6191
6035
5881
5270
4484
3543
2646
2142
1386
359
-386
-968
-1209
-1608
-2262
-2889
-3388
-3560
-3604
-3722
-3642
-3426
-3172
-3012
-2770
-2324
-1797
-1476
-1287
-967
-941
-584
-102
95
336
433
327
-165
-1154
-2225
-3313
-4157
-4444
-4914
-5266
-5418
-5798
-6357
-7017
-7654
-7811
-7654
-7410
-7096
-6857
-6463
-6249
-6102
-5964
-5483
-5145
-5251
-5127
-5282
-5254
-4905
-4691
-4830
-5498
-6304
-6614
-6356
-5736
-5129
-4773
-4621
-4315
-3389
-2278
-1246
-316
412
1011
1553
2144
2427
2401
2475
2327
2250
2638
3157
3825
4147
3887
3797
4246
4601
4516
4003
3258
2709
2641
3057
3441
3253
2438
1290
142
-849
-1043
-793
237
2105
3986
4888
4461
3409
2396
1854
1439
1008
917
1054
1301
1815
2141
1590
1113
1418
1956
2741
3576
4109
3821
3019
2706
3019
3240
3170
3316
3176
2515
1077
-16
-686
-638
79
335
593
442
-59
-181
34
194
-239
-390
428
1678
2565
2472
1913
1621
1209
796
776
922
1499
1927
1384
-160
-1368
-916
588
1631
1251
662
946
1427
1372
720
-474
-1815
-3045
-3681
-4408
-5323
-5421
-5163
-5237
-5341
-5683
-6551
-7452
-7173
-5978
-5285
-4916
-5187
-5786
-5615
-4227
-2485
-655
1491
2474
1407
-378
-1327
-866
251
98
-1069
-2335
-3857
-6001
-7769
-7551
-5437
-2004
703
2180
3728
4881
5204
5713
6758
7530
7099
5745
4191
2378
562
-646
-419
943
1759
1909
2331
3162
3432
2577
1364
652
883
1667
2496
3299
2818
1085
-1296
-3035
-2161
1101
3897
4320
3191
1749
245
-1034
-1475
-1241
-804
-928
-621
804
1813
1994
2042
2592
2560
1988
2219
3679
4895
4387
2794
1514
379
-1074
-2847
-4408
-5654
-6179
-5537
-4800
-4003
-2178
-119
859
419
-1252
-2970
-3825
-3637
-2565
-1503
-962
-831
-518
-177
104
1508
3351
4398
4340
3072
298
-2252
-2321
-665
1104
1728
851
-313
-851
-461
1197
2733
2267
-236
-2593
-2730
-2403
-2832
-2354
-538
1728
3531
3897
2373
867
583
774
757
33
-85
-143
-884
-763
-177
181
422
1031
738
-1299
-3815
-5529
-5487
-4145
-3019
-2107
-477
432
-121
-861
-575
931
1762
2029
1575
-583
-3665
-5152
-5813
-7484
-6764
-2302
2501
5724
7116
7007
6312
5446
5277
5994
6583
5107
2250
51
-572
395
1592
992
170
362
5
-120
95
-667
-393
2432
5128
4487
1793
1343
3633
4759
3171
840
-1133
-2470
-2728
-3366
-5294
-6090
-4000
-1298
-887
-2179
-2994
-2554
-1858
-2311
-3367
-3150
-1604
-364
166
932
1404
870
780
2545
4536
4258
3315
3559
3912
4109
3787
4059
5908
7091
6817
6817
7179
5870
3664
3844
4975
3138
-1224
-5136
-5573
-3222
-379
1651
1188
-2096
-5794
-7741
-7728
-6882
-5095
-2787
-3106
-5964
-9167
-10358
-7298
-979
3518
3994
2356
-316
-2266
-3361
-5539
-7107
-5503
-2650
-840
-425
73
2270
6293
8931
7249
3386
1615
3522
6319
7083
6169
4908
4072
3174
2031
1970
2673
3391
4128
3455
757
-2554
-3694
-1756
40
-765
-3237
-4978
-3948
-1575
-587
415
983
-127
25
2798
5657
5840
3408
-1876
-7943
-9805
-5753
-958
53
-1766
-4173
-5160
-4511
-2897
-1387
-1643
-2870
-2011
-1679
-5084
-10536
-13533
-10871
-5735
-1175
3656
8207
11313
11507
8622
6223
4424
1386
-1298
-1447
461
2870
5671
8252
7402
1563
-4515
-5715
-2898
-142
200
-1634
-4355
-6061
-5064
-2870
-1898
-2102
-2093
-1540
-1927
-3189
-2669
-209
1016
-119
-663
-177
-438
-1365
-2622
-2791
-1514
152
2494
4555
4468
3000
2107
1840
2139
4276
6543
7390
8000
9469
10927
11594
11092
8468
4181
-652
-5096
-8044
-8239
-5918
-1744
1639
961
-1940
-3881
-4786
-5981
-6903
-6735
-5657
-4681
-5089
-7981
-10594
-9199
-4015
2432
7875
11258
11443
9188
5731
2042
-1067
-2650
-2073
112
765
-826
-1881
-2023
-1744
-2527
-5983
-10357
-12488
-11488
-8515
-5698
-3821
-2009
-385
233
-215
-797
-564
657
1278
820
640
1134
2002
2223
1689
1368
1375
505
-1305
-2468
-1379
981
2471
3151
4374
6560
8444
9410
9559
9419
9012
7589
4985
1992
-279
-1318
-1382
-1503
-845
1415
3142
2925
1846
1305
2391
4475
5509
4749
4037
4062
3726
2783
1396
-86
-1429
-1752
-1147
-188
1146
2741
3658
3278
2105
-98
-3034
-5793
-8472
-11203
-13232
-13727
-13290
-11684
-9376
-7721
-6870
-6841
-7318
-6763
-5192
-4129
-3904
-2785
46
2252
1792
271
578
2937
5098
4048
-866
-6135
-7415
-3165
3808
8606
8420
5036
2266
1432
930
1279
3946
6984
7614
6126
4991
5486
6227
5365
2708
-790
-4205
-6740
-8187
-8257
-7147
-6042
-6304
-6453
-4165
-210
3089
4851
6329
7864
8059
5878
2393
-31
-383
-470
-1332
-2411
-2590
-659
3571
6660
6041
3660
1861
924
-686
-3627
-6504
-8311
-9000
-8428
-6465
-2855
1457
5175
6724
5097
2093
-401
-1935
-2158
-1731
-1512
-331
2232
4822
6387
7593
9391
10821
11517
11547
10981
9702
7901
5723
3547
1183
-1169
-2833
-3795
-4339
-5287
-6757
-7640
-7420
-6359
-5081
-4767
-5360
-5787
-5413
-3970
-2481
-1137
18
-256
-1817
-3304
-3657
-1737
1251
2614
1962
621
471
2090
3812
4085
3394
2864
2774
2987
3880
5717
6692
5388
2617
170
-711
-701
-1321
-2668
-4783
-6875
-8622
-10617
-11687
-11526
-10461
-8782
-7633
-6849
-5262
-3002
-1424
-820
-345
-27
225
531
67
-1094
-1754
-1101
250
1460
2072
1645
528
-84
-426
-729
-1004
-749
147
1061
1595
1740
2455
3442
4086
4912
6351
7633
8082
7964
7941
8103
7756
6932
5880
4945
4028
3672
4868
6159
6260
6045
7011
9150
10980
11867
11918
11663
11002
7690
181
-9751
-19496
-27849
-32766
-32733
-32768
-32767
-32766
-32765
-32478
-30428
-26113
-22029
-18085
-14033
-10396
-6455
-2267
2322
7202
11818
16226
20649
24513
27582
29535
30555
30217
28792
26867
24697
22720
21059
19155
16563
13412
9988
6878
3986
1858
995
568
56
-675
-2015
-3845
-5561
-7124
-8621
-9387
-9492
-9209
-8121
-6948
-5556
-4210
-3090
-1919
-1662
-2006
-2786
-3661
-4213
-4518
-4237
-3675
-3075
-2472
-1672
-788
301
1616
2612
3190
3464
3396
3528
3874
4178
4434
4432
4416
4343
3904
3061
2286
1704
1364
1216
944
270
-452
-1147
-1787
-1942
-2180
-2572
-2746
-2523
-2078
-1838
-1923
-2350
-2841
-2952
-2896
-2972
-3429
-4119
-4579
-4681
-4288
-4143
-3962
-3630
-3258
-2346
-1058
-132
645
1354
1588
1953
1938
1565
1518
1266
968
909
873
861
1034
1146
1259
1543
1676
1733
1646
1502
1653
1942
2191
2467
2758
3479
4010
4288
4251
3893
4080
4322
4504
4712
4675
4805
5045
5136
5039
4575
3794
2875
2067
1458
917
326
-290
-909
-1527
-1684
-1761
-2123
-2489
-2566
-2302
-1836
-1217
-656
-76
503
1010
1759
2225
2413
2330
1986
1730
1631
1765
2004
2222
2442
2979
3505
3738
3569
3409
3501
3370
3370
3230
2572
1984
1594
1185
1077
1175
912
410
-825
-1924
-2310
-1956
-993
-137
609
950
720
-161
-1440
-2711
-3980
-5166
-5648
-5438
-4737
-3618
-2338
-1328
-525
-309
-652
-637
-762
-893
-734
-920
-1098
-1200
-1432
-1568
-1743
-1927
-1425
-804
-433
-153
-50
-78
-295
-352
-398
-539
-650
-669
-559
-722
-814
-638
-687
-415
-204
119
507
247
-191
-443
-626
-1026
-1266
-1375
-1349
-978
-797
-574
-257
-62
80
271
129
-369
-711
-1050
-908
-556
-352
-354
-474
-376
-83
175
253
157
361
629
664
678
318
207
525
681
595
544
711
739
696
775
605
476
544
426
320
448
640
860
1174
1275
1289
1221
872
804
719
581
530
382
-6
-353
-514
-456
-481
-592
-588
-674
-651
-655
-912
-1164
-1313
-1366
-1555
-1430
-1251
-1060
-876
-890
-987
-989
-1248
-1431
-1621
-1895
-2187
-2559
-2550
-2600
-2635
-2525
-2717
-3047
-3314
-3886
-4587
-5331
-5939
-6616
-7218
-7652
-8253
-8257
-8315
-8517
-8588
-8736
-8661
-8684
-8781
-8862
-8849
-8422
-8005
-7832
-7662
-7180
-6614
-6160
-5765
-5700
-5310
-4645
-4040
-3037
-2106
-998
253
1540
2439
3019
3540
4317
5106
5709
6148
6379
6815
7264
7853
8551
9165
9472
9732
10382
10581
10772
11055
11148
11564
11927
12073
12159
11902
11442
10669
10034
9448
8811
8496
8067
7527
7078
6775
6500
6307
5772
5231
4428
3343
2349
1273
410
-338
-897
-1281
-1463
-1239
-1186
-1218
-1459
-1965
-2642
-3270
-3877
-4543
-5002
-5616
-6187
-6146
-5941
-4990
-3290
-2067
-1162
-1489
-2733
-3068
-2540
-2129
-2555
-2954
-3000
-3178
-2952
-2619
-2996
-3653
-4285
-4717
-4776
-4824
-4863
-4735
-4676
-4169
-3478
-3433
-3774
-4552
-4968
-5193
-5216
-5232
-5541
-5864
-5886
-5486
-4758
-4056
-3771
-3318
-2927
-2326
-1075
45
734
1416
1674
1762
1906
1839
1993
1649
1279
1359
1411
1542
1911
2450
2955
3200
3217
3270
3169
2864
2721
2445
2129
1929
1468
1039
718
472
572
992
1565
2052
2754
3361
3581
3420
2931
2339
1701
1121
775
683
724
1125
1652
2043
2567
2503
2139
1511
364
-790
-1750
-2317
-2511
-2569
-2361
-1895
-1378
-921
-650
-565
-734
-1005
-1391
-2011
-2557
-2896
-2931
-2908
-2914
-2696
-2716
-2931
-3379
-3817
-3810
-3914
-3937
-3848
-3549
-3246
-2971
-2260
-1368
-124
1048
1902
2658
2631
5126
6926
8004
9278
9654
10789
11706
11669
10899
9684
8605
7601
6189
4739
3835
3059
2468
1644
1149
879
606
621
187
-133
-412
-946
-1384
-2251
-2990
-3455
-4496
-5930
-7459
-8462
-8474
-7872
-6228
-4521
-3810
-3898
-4410
-4964
-4671
-3517
-2010
-713
170
714
1039
1406
1951
3392
4464
5102
5096
4223
2990
1375
138
-1154
-2214
-2880
-3335
-3448
-3608
-4354
-5539
-6049
-5519
-3559
-191
3074
5323
5972
4790
2944
1559
845
1045
1662
1787
1660
1230
801
1346
2093
3103
4493
5881
7077
7921
8493
8586
8410
7711
6407
4695
2952
1663
928
592
305
-404
-1484
-2682
-4104
-5460
-6773
-7722
-7991
-8020
-7500
-6497
-5207
-4121
-4103
-5181
-6844
-8774
-10307
-10767
-10228
-9061
-7344
-5291
-3753
-2800
-1938
-1711
-1777
-1744
-1646
-1384
-931
-500
-124
279
662
1246
1848
2462
3056
3288
3418
3720
4316
4828
4894
4243
2628
705
-969
-2087
-2658
-2716
-2333
-2220
-2304
-2320
-2778
-3556
-4109
-4749
-4891
-4248
-2993
-846
1342
3043
4162
4499
4144
3516
2562
1228
-131
-1040
-1698
-1790
-1586
-1255
-736
-720
-485
100
834
2087
3710
5200
6194
6583
6545
5691
4446
3338
2464
2425
2835
3337
3781
3841
3805
3601
3153
2673
2233
1953
2135
2167
2112
1711
1147
699
636
743
602
195
-435
-833
-1104
-1373
-1472
-1671
-2233
-2610
-2856
-2542
-2086
-1735
-1354
-938
-210
141
374
580
660
850
938
1279
1575
1282
1301
1183
854
733
413
83
-216
-449
-801
-1017
-1002
-797
-296
224
574
840
675
333
-194
-823
-1055
-1424
-1335
-834
-156
887
2034
3223
3729
3851
3563
2917
2623
2150
1530
1391
1454
1795
2383
2565
2613
2340
1382
487
-434
-898
-229
923
2133
3270
4121
4611
4311
2912
1107
-438
-1842
-2677
-3286
-3679
-3801
-3766
-3420
-2729
-1723
-816
-51
-39
-578
-1241
-1749
-2314
-2735
-2897
-3121
-2982
-3053
-3315
-3555
-3771
-3835
-3505
-3267
-3566
-3955
-4354
-4524
-4341
-4347
-4511
-4454
-4749
-5230
-5898
-6419
-6685
-6837
-6722
-6222
-5244
-3836
-2227
-629
712
1625
2422
3151
3641
3749
3886
4581
5524
6451
7324
8154
8883
9314
9130
8142
6805
5740
4659
3549
2310
1173
683
623
853
836
421
-299
-1188
-2199
-3033
-3964
-4623
-4826
-4855
-4540
-4231
-3805
-3195
-2169
-1022
44
1139
1986
2732
3307
3612
4033
4887
5910
6829
7836
8800
9578
10168
10416
10645
10510
9739
8881
7575
6541
5687
4875
4436
3747
2766
2277
1839
853
-354
-1853
-3133
-4130
-4961
-5577
-6112
-6378
-6549
-6974
-7630
-8262
-8976
-9718
-10163
-10737
-11261
-11202
-11018
-10823
-10525
-9809
-9016
-8292
-7214
-6279
-5443
-4924
-4848
-4446
-3851
-3291
-2601
-1520
-270
1340
2704
3643
4460
5011
5180
5422
5857
5800
5725
5508
4931
4223
3287
2302
1659
1293
859
387
-314
-1152
-1360
-1365
-1694
-2380
-3413
-4073
-4449
-4781
-4899
-4874
-4306
-3303
-1963
-693
-268
-577
-614
-144
909
2269
3268
3589
3008
2201
1067
304
83
-314
-589
-822
-909
-410
186
369
131
-539
-1073
-1117
-857
-718
-957
-1950
-3400
-3905
-3388
-2791
-2045
-1333
-1209
-1424
-1537
-1527
-1251
-484
274
460
380
119
-469
-1108
-1565
-2075
-2339
-2639
-3479
-4078
-3297
-1967
-1078
-523
-360
-647
-1283
-1277
-1385
-2026
-2527
-2831
-3180
-3575
-3347
-1868
-50
1139
2168
3305
4832
5590
5310
5487
6081
6217
5859
4736
3726
3433
3253
3259
3171
3079
2872
2739
2416
1954
1405
533
-212
-223
553
1063
1381
1129
129
-1077
-2236
-2949
-3397
-3206
-1514
741
2742
4431
5613
6514
5996
3398
-166
-3497
-6163
-7990
-9263
-9806
-9124
-8331
-7779
-6855
-5612
-3510
-264
2872
5044
6113
6204
7111
8289
8805
9381
10278
11571
12229
11555
10618
9735
7974
6065
4554
2561
504
-648
-727
-438
-1184
-2526
-3497
-3486
-3197
-3057
-2353
-1792
-2608
-4561
-5837
-5429
-3322
-428
1966
3701
4770
4907
4056
2113
-852
-4228
-6318
-5921
-3959
-2328
-1665
-1058
-57
841
1478
982
-954
-3359
-4397
-3699
-2045
-480
-741
-1910
-2164
-2156
-1750
-434
1375
2795
3279
4100
5897
7425
7455
5511
2168
-1169
-2463
-533
2760
4831
5053
4942
6008
6985
6694
5693
4993
4520
3004
586
-1043
-1398
-2322
-5026
-8246
-10144
-10800
-11335
-12485
-12993
-11958
-10913
-10613
-10119
-8169
-4790
-1618
1389
5032
7620
7946
6865
5142
3237
1046
-1033
-1842
-1360
-1322
-1434
-647
560
1359
881
683
1558
1642
6
-2094
-3426
-3787
-3321
-2109
-1359
-1408
-1570
-2061
-2587
-2666
-2687
-2615
-1092
1614
3620
4353
3759
2467
879
-520
-752
983
3769
5894
7262
9333
11968
13228
12738
11300
10209
8557
6470
5444
3940
942
-943
-617
-923
-2655
-2578
438
3144
2370
-1210
-5759
-10436
-11993
-8775
-4798
-3045
-2304
-1165
33
-863
-2964
-4101
-4874
-4523
-3822
-3760
-4076
-4443
-3843
-2476
-1878
-2449
-2334
-1374
-447
347
605
822
967
1494
3270
5158
5631
5239
4735
3332
1835
2641
3946
3402
2086
-682
-4347
-5648
-5364
-3607
-987
-137
-143
-295
-1221
-1877
-700
1457
2926
3112
2580
1793
-282
-3838
-7136
-9204
-9547
-6531
-956
4130
4628
-806
-6739
-7456
-3226
2039
6365
9256
8666
4805
923
-1806
-3057
-1143
2544
4474
4301
4381
5663
6889
8979
11451
10392
5947
1210
-2474
-4653
-6878
-9453
-10697
-10819
-9589
-5387
794
4473
3587
689
-1937
-1834
1294
4676
5266
1584
-3570
-7057
-7801
-7178
-6677
-5018
-1210
2046
2154
528
-1104
-1890
-323
3902
9369
14177
16128
15370
12723
7279
1635
130
444
-1764
-4214
-4004
-3384
-5656
-8339
-7659
-5799
-4881
-3336
-695
-35
-1501
-1174
64
-624
-1831
-866
545
-146
-297
2576
7353
12047
12252
6106
-260
-555
4413
8122
6394
249
-7604
-13242
-13905
-9959
-2907
4046
6632
3284
-2261
-3711
81
2864
-895
-8262
-11957
-9208
-5092
-4260
-5417
-6517
-5771
-3116
-1129
-653
-748
-1631
-2070
-467
1796
1489
-991
-512
4091
8628
9367
7905
7333
5785
1467
-2819
-4768
-4818
-3166
599
5719
9680
9873
5581
746
-704
217
-79
-4147
-10100
-13454
-12107
-7600
-2787
1827
6804
10271
9611
5440
1915
-80
-3829
-8222
-8080
-3051
927
548
-2404
-5184
-4931
-746
5147
9803
10431
6066
-265
-4542
-4770
-2808
-3041
-6742
-9443
-7759
-3269
2101
7148
9484
7264
1346
-5702
-9902
-11102
-12165
-13143
-12043
-8243
-2529
3952
9285
12947
14887
13544
9100
4418
856
-2470
-6595
-10347
-11719
-10277
-7398
-4500
-2044
-239
1885
4880
7372
7382
5997
5173
4661
4324
4326
5063
6235
8220
11036
13147
12892
10529
7615
4575
2272
1677
2624
3817
3999
2598
1326
1390
1294
-334
-2459
-4038
-4375
-3125
-1638
154
2446
4945
6878
8287
8587
6527
3014
-231
-2676
-4483
-5901
-6690
-6928
-7269
-6472
-4964
-4846
-6753
-8373
-7754
-5884
-4899
-5726
-7278
-8574
-8962
-7692
-5178
-3569
-4010
-5021
-4595
-3403
-2482
-1554
-52
1586
2004
2276
3612
5342
6319
5243
2712
513
-1315
-2815
-3375
-4304
-5253
-4796
-2460
49
1734
3853
5502
6380
6939
7569
7982
7412
5677
2634
-398
-1982
-2521
-2857
-2141
-1027
-1195
-1669
-1207
-597
-435
2
756
751
-761
-2774
-4341
-5698
-6290
-5154
-4206
-4615
-5480
-5968
-5940
-5230
-3319
-1495
-1041
-1035
-338
1319
3296
4755
5139
5698
6948
7556
7202
5742
3308
850
-1391
-2385
-793
2263
4462
5054
4645
4950
6397
8110
8920
7541
4528
2153
1556
1289
1119
1506
3057
5310
5423
3030
300
-2039
-4273
-6383
-8473
-10126
-10739
-10527
-9886
-9450
-9236
-9022
-9365
-9765
-8923
-7336
-6463
-6263
-5124
-3129
-768
1709
3736
4980
5098
5114
5271
5367
4932
3575
1925
1099
1504
2026
1770
1206
1188
1344
1451
2083
2649
2089
320
-1871
-2195
-626
64
-109
149
765
1303
845
-889
-2762
-3828
-3872
-3201
-2375
-1486
-10
1304
1791
2103
2073
1748
1271
-277
-3249
-5903
-6843
-6079
-4250
-2461
-1617
-1355
-1387
-2537
-3655
-4008
-4210
-4278
-4114
-2965
-839
1536
3592
5592
7174
8520
9722
10108
9740
9612
9795
9782
10312
11722
13275
14225
15025
15006
13815
11968
9838
8670
8989
10487
13604
18808
24652
28732
27388
17317
144
-17333
-28907
-32765
-32768
-32760
-32768
-32765
-32768
-32764
-32768
-32708
-31789
-28369
-24215
-20411
-15002
-9181
-3999
215
3201
6682
11341
16516
21998
26615
29656
31634
32504
31808
30007
27209
23856
19916
15421
10917
7058
4389
3207
3016
3191
3228
2797
2076
1456
649
-65
-563
-1435
-2115
-2799
-3576
-3657
-3431
-3026
-2694
-2068
-1573
-1920
-2371
-2899
-3351
-3932
-4860
-5890
-6797
-7328
-7213
-6254
-4654
-2909
-1334
39
1075
1864
2563
3089
3590
4047
4278
4384
4039
3635
3359
2852
1967
1097
516
24
-110
-331
-792
-1332
-2066
-2769
-3080
-3477
-3869
-3995
-4062
-4117
-4589
-5103
-4748
-4331
-4083
-3807
-3792
-3580
-2999
-2284
-1715
-1432
-1599
-1894
-1974
-1747
-1466
-1244
-1326
-1420
-1211
-700
-80
223
300
530
998
1545
2060
2271
2479
2958
3189
3443
3519
3477
3760
3722
3655
3435
3465
3661
3433
3109
2420
2022
2345
2541
2407
2048
1696
1651
2051
2413
2580
2838
3216
3809
4415
4576
4720
4702
4434
4125
3404
2611
1956
1366
916
69
-753
-1210
-1879
-2399
-2841
-3065
-3053
-3028
-2883
-2348
-1762
-1045
-71
548
1340
1731
1952
2092
1883
1854
1766
1737
1851
1738
1583
1879
2533
3036
3501
3622
2880
2175
1779
2165
3031
3965
5108
5725
5653
5327
4726
3749
2691
1918
1260
809
768
796
948
910
499
73
-530
-1005
-1393
-1781
-2018
-2265
-2340
-2657
-2766
-2795
-2706
-2675
-2854
-2728
-2496
-2654
-2715
-2683
-2784
-2612
-2607
-2689
-2645
-2460
-2077
-1835
-1798
-1579
-1294
-1231
-1129
-819
-708
-544
-159
-259
-225
15
66
395
651
423
197
52
-283
-303
-520
-703
-644
-667
-789
-1053
-1454
-1560
-1377
-1348
-1588
-1975
-2096
-2123
-2126
-2170
-2344
-2493
-2492
-2624
-2720
-2732
-2653
-2449
-2397
-2326
-2498
-2709
-2634
-2591
-2476
-2565
-2515
-2306
-2230
-1981
-1890
-1683
-1352
-1417
-1308
-1134
-948
-845
-950
-814
-848
-965
-1029
-1220
-1179
-929
-863
-626
-596
-564
-280
-108
106
-58
-196
-330
-330
-141
-178
-135
-127
-113
164
71
-79
-215
-425
-321
-369
-628
-1211
-1717
-2000
-2290
-2800
-3416
-3812
-4136
-4724
-5265
-5769
-6119
-5991
-5965
-5981
-6120
-6301
-6057
-5684
-5387
-5323
-5360
-5053
-4578
-4132
-3875
-3509
-3223
-3063
-2669
-2248
-1759
-1360
-916
-201
540
1309
2131
2429
2705
3416
4034
4736
5306
5671
6216
6675
7361
7992
8280
8478
8544
8678
8677
8734
8954
8958
9037
9171
8797
8502
8241
8009
7733
7565
7130
6903
7182
7034
7132
6997
6417
6096
5423
4404
3375
2504
1738
1124
383
-523
-1172
-1599
-2204
-2688
-3035
-3490
-3501
-3361
-3108
-3030
-2893
-2503
-2339
-2124
-2115
-2145
-1723
-1553
-1716
-1943
-2393
-2589
-2482
-2723
-3342
-3553
-3641
-3878
-3862
-4246
-4859
-4672
-4752
-5103
-5145
-5249
-5127
-4841
-4769
-4636
-4530
-4565
-4452
-4144
-4038
-3995
-4028
-4232
-4274
-3974
-3774
-3744
-3804
-4083
-3919
-3539
-3036
-2668
-2155
-1765
-1499
-972
-283
-80
-273
-126
67
-337
-492
-497
-677
-409
-295
-331
-176
-179
54
527
742
762
1076
1360
1675
2113
2387
2544
2692
2694
2856
3074
3062
3338
3525
3563
3213
3027
3251
3440
3721
4041
4254
4426
4434
4445
4499
4347
4455
4191
3681
3202
2332
1634
1219
1084
1043
1149
1622
1849
1585
1264
1058
728
519
330
110
-23
-113
-293
-749
-1212
-1725
-2272
-2456
-2735
-2992
-2533
-1861
-1051
-241
-132
-503
-1084
-2061
-2679
-3133
-3588
-3113
-2516
-2124
-1366
-761
-525
-333
-593
-1003
-686
346
1664
2675
3134
3111
3023
2977
2761
2378
1960
1432
784
-59
-846
-1461
-2325
-3342
-3956
-3774
-3057
-1437
255
1480
2312
2623
2472
2238
2173
2148
1222
-49
-1205
-3128
-4704
-5120
-4979
-4977
-5521
-6750
-7613
-7544
-6375
-3787
-879
1501
2897
3163
3324
3638
3650
3276
2244
1177
551
92
-124
-552
-1067
-1219
-902
-322
1218
3154
3670
5284
7038
7021
6810
6741
6959
7556
8189
8718
8711
8138
7529
7005
6616
5910
4707
2923
498
-1339
-2766
-4198
-4617
-4779
-5326
-6416
-7734
-8698
-9297
-9781
-10823
-12286
-13489
-14229
-14621
-14972
-14735
-13191
-10860
-8174
-5232
-2580
-382
986
1561
1523
964
764
959
1197
1642
2165
2554
2566
2337
2286
2704
3670
4659
5063
4823
4079
3400
2746
2265
1924
1209
224
-1151
-2405
-3058
-3087
-2557
-2006
-1824
-1743
-1578
-1312
-599
343
1197
1912
2144
2061
1799
1110
837
688
493
556
277
241
417
370
661
1502
2206
2647
2731
2457
2240
1960
1924
2116
2448
2472
2348
2324
1989
1415
1411
1233
783
411
-88
-464
-476
-254
52
303
265
485
638
561
514
447
426
402
633
1043
1281
1554
1798
1756
1766
2010
2262
2699
3078
3179
3241
3051
2670
2315
1845
1494
1336
1169
991
816
523
233
73
-199
-534
-899
-1001
-1055
-853
-620
-380
231
512
465
629
660
795
1048
905
865
414
-242
-578
-944
-1094
-1287
-1717
-2039
-2341
-2552
-2503
-2541
-2570
-2664
-2662
-2723
-2645
-2218
-2043
-1651
-1700
-2101
-1985
-1571
-1069
-724
-469
-488
-734
-755
-874
-944
-1061
-1417
-1854
-2720
-3546
-4368
-5294
-5969
-6838
-7722
-8229
-9035
-9911
-10429
-10744
-10657
-10406
-10140
-9706
-9209
-7878
-6287
-4130
-1523
1002
3968
7445
10878
13548
15741
16876
17445
18012
17981
17475
16595
15524
14209
12678
11322
9867
8255
6534
4856
3305
2197
1040
-385
-1235
-2181
-3068
-3623
-4555
-5445
-5820
-6176
-6267
-6300
-6413
-6098
-5535
-4920
-4055
-2869
-1583
-201
1270
2632
4002
5394
6803
7840
8615
9155
9602
10162
10316
10276
9724
8807
8287
7680
6658
5559
4398
3003
1730
542
-952
-2351
-3249
-4265
-5164
-5916
-6703
-6881
-6882
-7122
-7250
-7321
-7341
-7319
-6853
-6535
-6449
-5967
-5447
-4884
-4813
-4900
-4945
-5105
-5401
-5899
-6121
-6156
-5963
-5796
-5440
-4868
-4121
-3251
-2635
-2312
-1904
-1383
-864
-664
-946
-1387
-1603
-1985
-2643
-3225
-3904
-3953
-3647
-3640
-4033
-4629
-5163
-5400
-5733
-6574
-7067
-6838
-6310
-5730
-5167
-4881
-4449
-3841
-3467
-2809
-2050
-831
776
2066
3086
3928
4592
4671
4582
4600
4404
4442
4522
4757
5036
5072
5263
4930
4648
4038
2881
2056
692
-926
-1838
-1820
-1141
30
948
1312
1037
587
449
125
-457
-1208
-1305
-1216
-1452
-1116
-708
-797
-974
-1100
-467
675
1588
1624
1386
1144
362
-27
519
1736
3013
4058
4614
4828
4946
4548
3431
1996
811
712
1128
1617
2662
3739
4209
3760
2501
1696
1367
1394
1874
2518
3061
3447
3272
2166
1106
740
1008
1533
1850
1107
-420
-1932
-3008
-3690
-3949
-4018
-4039
-3421
-2088
-394
28
-1021
-1912
-2498
-2954
-3322
-3954
-4708
-5321
-6249
-6466
-5500
-4445
-4039
-3913
-3319
-2608
-1249
303
1927
3558
4490
5127
4711
3423
2443
1947
2214
2614
3129
4300
4470
3782
1972
-191
-1200
-1339
-1040
-1014
-1785
-2628
-3128
-3439
-3712
-3722
-2949
-1650
542
2763
3500
2459
801
-591
-1954
-3009
-3635
-3626
-2794
-1212
328
1283
1931
3365
5552
7397
8701
8692
7068
4975
3654
4090
5560
6242
6262
6362
6440
5987
4592
2691
1061
360
-154
-1004
-2145
-2869
-2774
-3122
-5151
-8283
-10874
-11620
-11395
-10819
-10435
-10723
-10229
-8196
-4896
-1900
614
2692
4444
6850
9972
13281
15123
14137
10930
7742
5915
4667
3232
1160
-1528
-3013
-2105
-938
-928
-1581
-2679
-4396
-5705
-5789
-5324
-5654
-6981
-7582
-7672
-7476
-5447
-2352
-295
754
1188
1355
1226
629
485
964
1051
881
1245
2024
3091
4885
7246
9016
9117
7577
6074
5136
4419
4595
5738
6533
6036
4753
4066
4132
3878
3548
2378
-570
-3857
-5748
-5410
-3949
-3415
-3373
-3755
-5317
-6822
-7064
-6456
-5880
-4813
-4323
-4549
-4422
-4433
-4761
-5085
-3533
252
2904
2103
-655
-2542
-3589
-4898
-6145
-6155
-4920
-3231
-799
-60
-1165
-246
3456
7015
8251
7953
7521
6864
6099
5310
4834
5201
5357
4894
4595
5189
4486
1924
424
198
-1933
-5363
-7713
-9923
-12225
-12866
-10953
-7120
-2844
-95
-67
-1766
-2420
-1106
1603
5314
8424
9052
8355
9028
10983
11797
10342
8202
5627
2203
-911
-3787
-5711
-5232
-2716
-1078
-2740
-5453
-6589
-6787
-6710
-5215
-3240
-3287
-5253
-6890
-6931
-5023
-995
2786
3747
1791
-802
-2098
-3339
-4976
-3830
542
4047
4483
4508
5612
6160
5319
4081
2368
303
-1179
-509
1555
1419
76
1373
4400
5522
4450
3238
2230
995
351
904
283
-2272
-5128
-6163
-7003
-9111
-9680
-8620
-7796
-6698
-5270
-3319
68
1933
1533
2635
5403
6528
5152
3791
4310
5145
4006
3156
4544
4765
3710
4245
4346
2594
1247
1226
549
-1634
-3316
-3931
-3832
-3027
-2007
-321
2754
5552
7561
8205
6404
2856
540
1291
2081
-136
-3775
-6351
-6666
-4885
-3586
-2863
-1713
-802
445
1375
584
-1339
-2545
-2841
-2681
-344
2897
3093
148
-1857
-1076
791
3552
6687
8577
9256
9276
9100
7949
5150
707
-4795
-9986
-13260
-14137
-14655
-16503
-19347
-20009
-15360
-7827
-1384
1284
-167
-2133
-2051
-1706
-2334
-3227
-2555
-254
1452
2865
3885
3449
2584
2750
4262
6860
8102
6197
3689
2724
1963
154
-1274
-1325
1017
4723
6181
4318
2251
3074
6453
9982
11507
11617
10981
8875
5249
1042
-2596
-4913
-6092
-5848
-4700
-3358
-1866
-1232
-3010
-6903
-10331
-11919
-12699
-13211
-13300
-13303
-11791
-8177
-3722
618
4222
7503
10855
12999
13345
13014
11809
9137
6349
4424
2541
-204
-3393
-5051
-5046
-5543
-6098
-6196
-6340
-6247
-5260
-3793
-3351
-3871
-4502
-4532
-3913
-3465
-3192
-2243
-1511
-1947
-2489
-2136
-1139
303
1065
1230
1431
1492
972
-476
-2151
-2873
-1550
1837
5495
8244
10506
11340
10303
9102
8765
9651
10923
11479
11156
10474
11059
12060
11639
9782
6900
4267
2568
968
-850
-2856
-4549
-5532
-5623
-5629
-5808
-6572
-8473
-10087
-9397
-6961
-4971
-4114
-3640
-3635
-3286
-1988
-533
1550
3588
3869
2513
662
-871
-2016
-3341
-4555
-4864
-4238
-3909
-5075
-7014
-8512
-7331
-5643
-5646
-5794
-5061
-2678
321
2231
2860
3690
5082
5524
4334
1733
-54
-708
-1786
-3432
-5033
-5454
-4893
-3751
-2743
-2257
-1934
-1313
-461
320
1075
350
-1616
-2648
-3403
-2327
779
3440
4333
3229
584
-2708
-4056
-2317
-834
-148
-162
-198
1759
4864
7251
8669
9265
8450
6608
4866
3154
1828
994
-468
-1274
-862
372
793
-114
-765
83
1540
2012
1356
-621
-4070
-6346
-6408
-6061
-4975
-2817
-29
1424
1736
2889
4417
5590
5313
3163
878
138
501
1156
893
-437
-2175
-4195
-5165
-4974
-3834
-1324
1484
3554
4380
4210
3062
1225
239
823
2161
3134
3441
2777
1141
-1310
-4833
-7640
-8197
-7844
-7332
-6844
-6748
-5858
-2711
1527
4157
4583
4226
4179
4633
4153
2055
-148
-1948
-3017
-3222
-2406
-358
1600
2524
3333
5225
7390
8467
8208
7827
8325
8158
6206
3426
856
85
-400
-1462
-2755
-3583
-2862
-1563
-1313
-2423
-3807
-5430
-7153
-8663
-9485
-9488
-9426
-9662
-9336
-8009
-7023
-5584
-3378
-1672
97
1802
3377
4760
5051
4926
4705
4014
3651
3880
4180
4118
3550
2511
1727
2088
3407
4684
5450
5366
4191
2339
1663
2905
3965
3432
1981
1343
2468
4424
6165
6895
7221
8599
10620
12447
14718
17073
17922
17265
16902
16984
16230
14858
12587
8636
3296
-2259
-7681
-13797
-21138
-28542
-32767
-32733
-32768
-32765
-32768
-32764
-32768
-32685
-32000
-30056
-27339
-24292
-21013
-17468
-13832
-10248
-5455
561
6699
12219
16608
20241
22718
24289
25331
24836
23586
21984
19509
16801
14206
11867
10093
8956
8167
7921
7380
6304
5110
3613
1727
-257
-2054
-3031
-3399
-3591
-3668
-3709
-3596
-3872
-4489
-4742
-4705
-3876
-2535
-1686
-1168
-939
-785
-455
-620
-913
-984
-1309
-1599
-1924
-2244
-2574
-2891
-2727
-2560
-2282
-1599
-977
-540
-424
-240
130
862
1569
1869
1530
529
-354
-1072
-1665
-2169
-2853
-3362
-3585
-3484
-2996
-2513
-1959
-1583
-1392
-960
-862
-692
-614
-843
-927
-917
-1007
-747
-295
-8
159
322
446
626
503
240
463
957
1677
2731
3168
3175
3248
3334
3448
3638
3523
3221
2972
2730
2561
2477
2649
2640
2670
2878
3032
3234
3737
4062
4252
4543
4701
5083
5618
6027
6333
6448
6352
6510
6240
5726
5025
4040
3043
2076
1209
324
-404
-1128
-1903
-2199
-2381
-2662
-2760
-2843
-3031
-3027
-2831
-2650
-2535
-1940
-1262
-522
368
1170
1779
2108
2137
2407
2624
2436
2602
2918
3014
3032
3031
2887
3199
3463
2768
1934
1244
1222
1931
2751
3454
3509
3458
3606
3266
2821
2208
1344
572
282
270
263
85
48
314
287
36
-207
-925
-1430
-1796
-2402
-2590
-2508
-2509
-2583
-2781
-2953
-2969
-2832
-2683
-2871
-3076
-3193
-3284
-2958
-2604
-2482
-2271
-2172
-1912
-1705
-1588
-1546
-1417
-1089
-828
-596
-575
-635
-729
-629
-671
-630
-638
-955
-976
-921
-877
-1026
-1245
-1339
-1283
-1203
-1403
-1753
-1899
-1896
-2096
-2047
-1974
-2043
-2038
-1871
-1888
-1789
-1672
-1769
-1715
-1759
-1724
-1592
-1659
-1561
-1302
-1296
-1207
-1001
-879
-763
-697
-849
-858
-536
-307
-119
42
-16
-71
-44
123
28
-209
-168
-191
-79
75
145
447
650
779
810
788
871
1004
1127
899
800
720
346
278
104
-214
21
83
49
119
-110
-52
346
499
532
557
271
236
359
160
-58
-411
-775
-1299
-1737
-2137
-2425
-2840
-3432
-4147
-4715
-5028
-5399
-5670
-5993
-6256
-6257
-6395
-6524
-6708
-6836
-6652
-6480
-6115
-5945
-5909
-5467
-4966
-4565
-4296
-4071
-3729
-3056
-2231
-1505
-1018
-597
-136
529
1244
1772
2455
2799
3154
3704
4001
4450
5102
5366
5422
5715
5959
6151
6452
6371
6312
6332
5948
5499
5110
4756
4582
4428
4030
3508
3216
3038
2920
3045
3013
3185
3667
3933
4182
4254
4353
4663
5015
5433
5622
5621
5795
6007
6048
6067
5817
5428
5259
4966
4399
3632
2838
2210
1571
693
-192
-860
-1435
-1735
-1892
-1930
-2013
-2321
-2766
-3384
-3935
-4240
-4595
-4696
-4773
-4898
-4787
-4560
-4148
-3521
-3146
-2905
-2659
-2670
-2560
-2594
-2527
-2072
-1747
-1536
-1217
-927
-792
-425
65
476
730
637
487
626
1093
1395
1449
1445
1245
1121
1166
1193
993
680
120
-573
-974
-1480
-1883
-2022
-2342
-2420
-2206
-2144
-2433
-2701
-3271
-3914
-4072
-4223
-4089
-4185
-4231
-3931
-3461
-2500
-1717
-929
-75
572
1176
1448
1289
817
474
185
-75
-225
-716
-1037
-1121
-1309
-1291
-948
-699
-339
320
863
1120
1114
673
-87
-731
-839
-843
-756
-350
448
1569
2841
3897
4326
4175
3505
2382
1084
-238
-1054
-1193
-671
374
1219
2005
2380
2211
1929
1012
-133
-1362
-2500
-3372
-3978
-3966
-3684
-3425
-3809
-4592
-4994
-4999
-4860
-3770
-2073
-1232
-1721
-2248
-1887
-1254
-878
-877
-1217
-1234
-891
-248
734
1908
3581
5237
6579
6797
6523
6591
6825
7705
8397
8059
7128
5896
4315
3137
2493
2133
1996
1926
1481
703
248
18
40
178
-507
-1821
-3102
-3877
-3728
-3092
-2318
-1568
-350
967
1965
2369
1792
399
-479
-211
431
1456
2736
3886
4975
5673
5889
6115
6153
5829
5666
5724
5882
6357
6506
5953
4726
3423
2490
1527
368
-1333
-2845
-3632
-4050
-4480
-5415
-6685
-7962
-9079
-9805
-10605
-11592
-12926
-14168
-15096
-15119
-13905
-11767
-9071
-6670
-5214
-4741
-5061
-5040
-3919
-2506
-1006
-81
-362
-1724
-3899
-5597
-6026
-5432
-4737
-4037
-3042
-1670
673
3235
5364
6499
6715
6746
6885
7019
7285
7317
6470
5030
3368
2278
1831
2019
2395
2820
3557
4055
4069
4345
4876
5333
5611
4940
3660
2250
1078
410
271
266
201
76
-76
-477
-767
-1016
-1135
-771
-599
-484
-366
-544
-662
-839
-613
-133
395
889
1009
1053
1099
568
-12
-624
-1598
-2220
-2441
-2216
-1593
-949
-301
369
824
1191
1292
1255
1307
1185
877
526
336
341
694
1094
1369
1422
1497
1894
2258
2642
3095
3099
2614
2489
2539
2405
2499
2154
1542
1498
1111
678
553
160
164
183
33
-123
-113
265
536
662
645
408
405
593
645
677
523
535
666
651
269
-128
-440
-478
-167
2
51
284
488
590
784
1011
1278
1434
1656
1771
1661
1501
1220
783
467
276
155
117
-174
-483
-618
-660
-474
-422
-371
-221
27
144
53
-172
-271
-319
-461
-891
-1564
-2299
-3099
-3552
-4096
-4685
-5239
-5331
-5515
-6072
-6526
-6947
-6835
-6505
-6187
-5973
-5797
-5485
-5014
-4557
-4370
-4125
-3716
-3361
-3016
-2816
-2852
-2720
-2557
-2231
-1990
-2009
-2120
-1866
-1489
-1092
-863
-789
-634
-651
-604
-702
-1044
-1457
-2105
-2978
-3701
-4579
-5578
-6362
-7270
-8221
-8724
-8893
-8616
-7830
-6737
-5878
-5395
-4999
-4078
-1685
2352
7266
11912
16008
20080
24589
29629
32766
32539
32328
32171
29970
24499
19064
14825
11161
8453
6235
4408
2377
34
-2628
-5392
-7617
-9046
-9711
-9922
-9734
-9389
-8855
-7991
-6972
-6008
-5307
-4318
-3044
-1526
1
906
1697
2651
3137
3430
3779
3682
3798
4207
4403
4693
5138
5823
6579
7156
7150
6761
6238
5238
3969
2678
1116
-300
-1401
-2422
-3302
-3964
-4345
-4363
-4170
-3787
-3520
-3391
-3170
-3069
-2982
-2795
-2675
-2673
-2336
-1710
-1070
-62
1045
1907
2495
2958
3440
3814
3899
3811
3520
3127
2399
1186
-311
-1662
-2605
-3256
-4075
-5379
-6893
-8254
-9280
-9763
-10129
-11385
-13188
-14865
-15713
-15691
-15575
-15837
-16253
-16727
-17189
-17603
-17636
-17160
-16732
-16206
-15461
-14606
-13707
-12538
-11303
-9802
-8136
-7182
-6524
-5505
-4160
-2511
-1232
-518
528
2080
4034
6098
7868
8941
9004
8703
7835
6666
6060
5665
5257
4950
4481
4069
3737
3788
4098
3887
3397
3272
3710
3911
4023
4294
4509
4612
4912
5666
6279
6352
6238
6570
6925
6834
6415
6030
5645
4873
3773
2436
1076
331
433
1204
2338
3633
4794
5661
6188
6608
6599
6464
6770
7230
7208
6534
5917
5006
3522
2609
2312
2043
1763
1419
1374
2767
5475
8400
10102
9375
7545
5917
4824
4392
3514
2040
1067
683
-160
-1571
-2535
-3522
-5059
-6626
-7802
-8343
-8871
-9113
-8924
-8623
-8605
-8264
-6640
-5715
-6333
-6631
-5746
-4012
-1949
-302
421
592
1464
2704
2918
2656
2000
536
-1014
-1228
63
1411
1143
-273
-1405
-2128
-2866
-4568
-6734
-7937
-7975
-7748
-6456
-4149
-2764
-2599
-2683
-2399
-2673
-2993
-2179
-766
-212
-1473
-2565
-1622
1111
3754
4768
3784
2033
1499
2298
2802
2096
459
-1821
-3418
-3671
-3201
-2256
-936
866
2461
3054
3438
3821
4284
4450
4119
3552
2345
927
-753
-2370
-3098
-3354
-3288
-2827
-1548
1016
4009
6417
6971
5421
3327
2311
3279
4994
5422
4555
3216
1440
-846
-3533
-5824
-7285
-7305
-6697
-7073
-6964
-5517
-2593
1103
2977
2729
2857
3987
4382
3533
2733
2203
1950
1469
190
-148
-265
-1834
-3923
-5421
-5575
-4074
-1950
-926
-363
1255
3579
5418
6755
6878
5800
4588
3283
2192
1121
47
-1061
-2329
-3349
-3048
-1724
-588
-796
-2246
-2767
-2644
-2700
-2251
-1036
989
2896
2958
1724
397
174
2090
4139
5163
5410
4720
4068
4781
5717
5205
3800
3016
2351
-140
-3879
-6030
-5802
-5992
-7194
-6951
-4774
-2511
-1738
-1107
1256
3929
4495
2627
-95
-1574
-862
890
2243
3295
4001
4115
3528
2439
1155
511
491
-761
-2599
-2019
-800
-1302
-2264
-2783
-4227
-5816
-4631
-1197
416
-356
-762
458
1383
-228
-2033
-2380
-2540
-3171
-3712
-4016
-3395
-978
2560
5894
6846
4833
2343
2091
3838
6130
8007
7709
5939
4148
2902
2023
2071
3505
4033
2438
561
273
1373
1280
-627
-2859
-4115
-3348
-810
1085
871
-1123
-3796
-5678
-7147
-8397
-7108
-2756
1236
3090
3886
4682
5807
6036
5031
3454
2249
2210
2174
674
-636
-116
-65
-2300
-3984
-4449
-6209
-9062
-11186
-10866
-8026
-4265
-1351
81
383
-459
-2695
-3914
-1128
3267
4737
3364
1643
281
1235
4210
5514
5556
6230
7279
7735
7917
7824
6241
3075
879
851
914
-622
-1995
-1815
-714
1215
3843
6110
7649
8169
6565
3182
-943
-3631
-2868
-350
306
-2271
-6003
-6737
-3853
-1053
-467
-1821
-2157
-123
834
-840
-3076
-4276
-3860
-3361
-4269
-4374
-2369
-1041
-2462
-4440
-3497
-353
2990
5541
5305
1550
-2864
-4976
-4238
-1200
840
204
-1193
-2258
-2965
-2536
311
4307
6195
6104
6524
7357
5979
2482
345
-1198
-3773
-5258
-5559
-6933
-9662
-11556
-10701
-7255
-1943
3500
6270
5281
3077
2398
2212
1835
1835
2311
3132
3258
1749
105
406
2712
5374
6864
7077
5852
3403
1107
597
2379
3623
1779
-2581
-6182
-6161
-5082
-6286
-9065
-11157
-10732
-7033
-1061
3716
3977
614
-3059
-5224
-5364
-3694
-1645
-883
-1073
-1198
-1276
-1706
-1137
937
1341
-1336
-3293
-1320
3004
6179
6875
6223
5125
3658
2944
4155
6347
7495
5919
1456
-4148
-7592
-5815
-195
4171
3940
129
-4696
-8327
-9891
-9512
-8597
-8114
-7743
-7795
-7542
-5639
-1217
2322
1716
646
4978
13977
19996
18552
12806
8196
7138
7949
7412
4293
472
-1061
-997
-1530
-2561
-3850
-5123
-4968
-3960
-3256
-2530
-2506
-4064
-6142
-7273
-7842
-9403
-11172
-10293
-5912
-737
1067
-880
-2401
-3002
-3984
-4362
-2180
1722
4854
6813
7437
7200
7083
6858
4910
1086
-1456
-588
2719
6280
7912
6725
2270
-2646
-3788
-2358
-1768
-3369
-6475
-9601
-10639
-8562
-4359
96
2873
3244
1978
190
-1532
-2587
-3005
-3143
-3803
-4997
-4751
-1430
3886
7729
8700
7627
5889
4097
2306
-241
-3926
-7505
-8743
-6517
-3156
-826
881
2711
3726
4077
4710
6188
8680
11281
12856
12186
9525
5844
2117
-425
-971
-1640
-3116
-3887
-2724
-600
956
3424
6092
6857
6470
5643
4564
3760
3418
1138
-1115
-2880
-6158
-10022
-10361
-5775
-2268
-3098
-6798
-9667
-8656
-4459
-1472
-967
-2629
-5422
-5946
-3707
-1074
-374
-243
1115
2331
2292
1764
1523
-85
-2489
-2345
821
4194
5906
5708
4427
3747
3649
2145
-2020
-6741
-8294
-6492
-5094
-4333
-2243
-344
-147
413
2150
1422
-1907
-5133
-5736
-4472
-3420
-2613
-1581
-322
-657
-2097
-3218
-5142
-8016
-9523
-7624
-2743
2136
4375
4382
3362
2506
2611
3543
3463
1544
-139
680
3877
7579
11077
12172
9424
5781
3736
1687
-1030
-3158
-2582
-1031
-55
1146
1498
-654
-5326
-9247
-10556
-10505
-9997
-8130
-5381
-2247
1122
3397
3704
2629
974
-1208
-2350
-2038
-1297
1009
4025
4866
4599
4335
3249
2081
978
-33
-588
-456
843
2457
3411
3427
2499
1125
-215
-1347
-1956
-1307
-59
519
743
1393
3266
5497
6858
6656
5344
4613
5337
6243
6322
5447
4809
6327
8807
10562
10579
9254
8148
8542
11605
17306
24715
31477
32767
30901
22336
2987
-14620
-25031
-32126
-32767
-32767
-32765
-32768
-32763
-32768
-32753
-32329
-30049
-26470
-23638
-19559
-14779
-10034
-5226
-1054
3685
8953
13354
16609
19699
22713
25121
27048
28538
28690
27952
26293
22438
17833
13260
8897
5131
1987
-268
-392
253
-134
-634
-586
-282
-423
-1123
-2078
-2282
-1973
-1215
-343
584
1737
2819
3273
2687
2202
1564
1009
616
-440
-1979
-3391
-4229
-4228
-4330
-4635
-4370
-4201
-4069
-3612
-2500
-1794
-1267
392
1520
1927
1752
1298
1171
855
1091
796
332
214
81
31
-722
-1739
-2241
-2460
-2675
-2719
-3334
-4461
-4420
-3798
-3588
-3055
-2673
-3358
-4013
-3356
-2777
-2459
-2647
-3821
-4209
-4093
-3451
-2812
-3107
-3687
-3818
-2714
-1681
-644
303
401
595
1550
2126
1923
2921
3333
2935
3361
3973
4039
3950
4103
4417
5242
5248
5486
6065
5730
5651
5700
5614
5194
4670
4161
3691
3595
2604
1099
577
303
-95
-683
-1331
-1752
-1672
-1489
-1486
-794
-160
234
632
1082
1942
2753
2777
2752
3405
3778
3779
3912
4524
5085
5351
5266
5092
4760
4637
4842
4790
5113
4893
4077
3459
3091
2066
1352
1699
1803
1378
971
1075
1017
794
952
596
-763
-1823
-2094
-2222
-1826
-1136
-1018
-874
-1169
-2297
-2915
-3439
-4142
-4158
-3731
-3032
-2504
-1616
-991
-1506
-1491
-1506
-1783
-1758
-2044
-1461
-306
633
805
426
1239
1947
1789
1102
207
152
-212
-1550
-3151
-4194
-4292
-3822
-3967
-4181
-3482
-3037
-2491
-1500
-636
87
441
501
336
24
-902
-2472
-3633
-4045
-4246
-4266
-4031
-3658
-2939
-2679
-2052
-1035
-1009
-1476
-1984
-2287
-2615
-2631
-1799
-1099
-488
780
1946
2780
3107
2595
1938
1329
177
-1722
-3261
-3756
-3790
-3391
-2446
-1005
863
2214
2937
3622
3690
2940
1639
565
-518
-1999
-2667
-2692
-2310
-1873
-1370
-407
329
1053
1572
1685
1684
952
-228
-775
-1307
-1663
-1833
-1801
-949
184
1284
2210
2810
2935
2472
2177
1595
390
-378
-1183
-1350
-798
-500
-41
541
1189
2206
3180
3972
3844
3569
3474
2303
931
-39
-221
-453
-827
-943
-1408
-1373
-1537
-1930
-2057
-2666
-3227
-3327
-3862
-5175
-6159
-6223
-6370
-7031
-7258
-7613
-7911
-7913
-8635
-9191
-9021
-8852
-8952
-8827
-8516
-8284
-7761
-6731
-6264
-5817
-4614
-3324
-2556
-2115
-2009
-2006
-1585
-1330
-840
-6
781
1622
2802
3418
3552
4138
4675
4944
5311
5453
5388
5165
5205
6494
7578
7729
8296
8879
8561
8416
8704
8345
8136
8134
8060
7974
7695
7277
6776
6805
7118
6755
6451
5958
5319
4809
4339
4442
4295
4035
3541
3279
3551
3671
3967
3793
3301
2915
2483
1855
668
1
-661
-1364
-1400
-1534
-1144
-432
201
899
300
-358
-207
-698
-1152
-1190
-1360
-1805
-2256
-2658
-2551
-2183
-2213
-2226
-1895
-1810
-2278
-2713
-3165
-3531
-3586
-3743
-3878
-3951
-4174
-4234
-3907
-3268
-2982
-2515
-2189
-2326
-2083
-2263
-2779
-2895
-3378
-4085
-4320
-4768
-5248
-5146
-5129
-5018
-4698
-4157
-3190
-2324
-1835
-1235
-635
-534
-406
-36
172
416
597
234
-6
-128
-458
-416
-184
25
333
568
676
508
481
411
81
269
296
-148
121
330
-292
-857
-695
-687
-809
-743
-492
-300
-18
579
956
1093
1621
2231
2518
2698
2686
2925
3375
3666
3736
3800
3817
3921
3995
3725
3269
3005
3041
2689
2051
1259
581
-107
-852
-1151
-1052
-1058
-890
-471
158
515
410
256
-101
-430
-1033
-2038
-2883
-3783
-4169
-4260
-4370
-4489
-4339
-3968
-4086
-4062
-3610
-3410
-3155
-2948
-3041
-2694
-2535
-2475
-2174
-1948
-1752
-1597
-1189
-887
-938
-1744
-2742
-2868
-2333
-1704
-620
934
1921
2214
1622
579
-173
-198
585
1980
2641
2716
3229
3110
2479
2064
2065
2284
2678
3086
3543
4080
4080
3656
3415
3564
3519
2847
1530
60
-1506
-3159
-4173
-3903
-2786
-1606
-852
-743
-892
-1013
-1549
-1780
-1111
-215
595
1351
2314
3387
4217
4879
5402
5561
5732
6573
8000
9519
10516
10759
10434
9789
8464
7029
5782
4300
3414
2552
1643
1228
434
-249
-919
-2288
-3495
-4605
-5875
-6599
-6079
-5102
-4684
-5215
-6496
-7680
-8376
-8518
-8168
-7441
-6873
-7089
-7740
-8265
-8159
-6848
-4963
-3777
-3012
-2781
-2982
-2470
-1194
-12
568
1062
1852
2484
2651
2409
2334
2152
1525
1270
1457
1576
1375
333
-974
-1875
-2140
-1529
-590
109
610
614
333
-279
-766
-752
-789
-209
1031
2513
3244
2996
2618
2422
2309
1823
1089
674
45
-919
-1810
-3025
-4491
-4971
-4493
-3365
-1924
-947
-265
224
562
1497
2301
2112
1474
415
-810
-1548
-1892
-2063
-1831
-1051
27
559
491
77
-145
-273
-268
60
143
38
-53
-241
-419
-468
-639
-914
-499
266
549
446
410
247
394
492
387
575
526
405
425
422
788
1261
1522
1512
1841
2412
2663
3233
3681
3739
4024
3954
3828
3673
3142
2820
2240
1367
642
44
-283
-639
-1151
-1296
-1400
-1554
-1521
-1218
-886
-857
-499
-619
-809
-608
-640
-243
460
1323
2057
2119
1947
1840
2054
2149
1915
1828
1709
1030
397
663
793
317
220
804
1197
1534
1809
1959
1808
1592
1403
944
544
218
374
278
110
-103
-291
-558
-771
-714
-802
-893
-884
-599
-474
-320
-27
435
949
1242
1448
1512
1660
2085
2416
2704
2653
2203
2222
2079
1459
1128
1237
1243
993
896
939
1086
1174
825
1033
1681
1733
1596
1423
1126
876
812
1027
1081
991
726
451
404
447
248
-65
-324
-924
-1371
-1515
-1875
-2167
-2437
-2840
-3027
-3124
-3086
-3004
-3408
-3758
-4018
-4079
-4154
-4316
-4501
-4587
-4546
-4773
-5479
-5997
-6386
-6807
-6727
-6641
-6726
-6791
-6644
-6621
-6887
-7108
-7406
-7460
-6816
-6235
-5782
-5154
-4869
-4800
-5245
-5783
-6225
-7107
-8234
-8890
-9050
-8976
-7698
-5099
-2441
289
3356
6347
9258
12277
15273
18387
22153
25084
25492
23362
18940
14234
11205
8989
7215
5920
4653
3377
2308
1078
-463
-2209
-4093
-5639
-6611
-7233
-7632
-7503
-7033
-6140
-4816
-3452
-2338
-1479
-784
-220
517
1229
1812
2932
3810
4706
5797
6430
7249
8067
8851
9067
9306
9840
9863
9778
9748
9723
9672
8932
7645
6207
4912
3540
1902
628
-481
-1327
-2051
-2928
-3554
-3842
-3831
-3799
-3498
-2990
-2543
-2528
-2199
-1598
-1758
-1728
-655
331
622
1403
2697
3399
3906
4553
4910
5155
4632
3363
2432
1651
742
-493
-1222
-1597
-2656
-4290
-5910
-7519
-9349
-11303
-12952
-14297
-15433
-16042
-15942
-15165
-14834
-15020
-14977
-15045
-14868
-14343
-14258
-14249
-14077
-13614
-13333
-13165
-12265
-11138
-10048
-8879
-7668
-6154
-4295
-2368
-848
-159
-344
-1032
-1432
-1007
-680
-359
475
1120
1796
2504
3271
4363
4888
5950
7572
8824
8826
7572
6402
6166
6005
5310
4742
4470
4426
3899
2500
1206
509
725
1061
1098
1297
1569
2326
2865
3055
3004
3130
3702
4608
5744
6907
8126
8933
8380
6684
5260
3763
3142
3646
3717
3353
2973
2830
2524
1631
1363
2562
3612
3622
3449
3113
2160
1389
415
-248
-10
131
74
987
3145
5275
6406
5941
4615
2899
1346
734
974
1630
1779
951
-467
-845
-343
37
297
-492
-2083
-3602
-4055
-3667
-3105
-2033
-1222
-937
-1383
-2302
-3131
-3959
-4010
-3097
-2169
-1584
-1115
293
1837
1543
851
1941
4311
6400
7305
6914
4783
1405
-1984
-4508
-5467
-6491
-7761
-7583
-6584
-5402
-4301
-4283
-5376
-6574
-8030
-9917
-10160
-8893
-7902
-6558
-4725
-3450
-2650
-1711
-911
-732
-771
-143
1351
2478
3141
3810
4603
5301
5918
6196
5781
4751
3754
4339
6624
8644
8629
7015
5887
5173
3139
-344
-3569
-5283
-5524
-5017
-4778
-5186
-5332
-4836
-3925
-2709
-3631
-5865
-6681
-6365
-5630
-5154
-3642
-647
1661
2670
3002
2530
2167
2176
1380
258
-400
-385
651
1661
1500
1251
2053
2913
3285
3045
1490
-74
-1002
-1285
-336
1139
1910
2481
3612
4266
4202
3606
2633
848
-1210
-1983
-1205
362
2025
3144
3373
3406
3707
3384
2228
1335
1115
1506
1941
1838
1693
1678
1890
1987
1269
-445
-2165
-2423
-1449
-433
-64
-490
-1174
-2159
-3839
-4909
-4950
-3961
-631
4358
8089
8324
5492
2389
710
621
1723
2752
2627
1689
924
499
564
580
796
1210
292
-1696
-2900
-2945
-2172
-758
-86
-1233
-3049
-3998
-5402
-7235
-7749
-7291
-6612
-5489
-3481
-85
2515
1617
-938
-979
1328
2809
3932
4913
5285
5731
7400
9914
10622
7777
3354
766
-296
-947
-1199
-1202
-1536
-1646
-953
-1039
-1035
620
3090
3941
2236
-71
-1005
-426
-1319
-4462
-7158
-8181
-6881
-3116
313
2238
3363
3556
2589
83
-1706
-1761
-2389
-4499
-7490
-10161
-11735
-11180
-8380
-6217
-6146
-5822
-4673
-4402
-2966
524
4317
8127
9719
7352
3587
1812
2949
5041
6210
6226
4848
2450
572
298
1212
1718
1365
417
270
849
508
629
2321
3896
3807
3116
2657
935
-1510
-2765
-2718
-1733
-429
692
1466
1277
166
-1298
-2068
-1797
-767
1098
3145
4260
3825
1530
-1764
-3983
-4820
-4479
-2123
1236
3506
4868
5311
4713
3649
1966
-90
-1327
-458
1199
1417
1431
2648
3668
2793
-1057
-5764
-6786
-2829
1411
2317
1138
-1568
-3873
-4149
-3654
-3171
-2153
-1502
-2777
-4918
-5928
-4788
-1674
2575
5093
4052
804
-2412
-5144
-6734
-5777
-2633
-789
-3096
-6067
-4597
1269
7776
10454
8514
5876
4873
3395
1937
2021
3099
4770
6201
6122
2945
-1745
-3350
-814
1794
-496
-7087
-12464
-13172
-9186
-4329
-1864
-1215
-532
737
2127
3568
4843
4720
3549
2831
739
-2892
-4381
-1652
2322
3354
1543
-1362
-3959
-5713
-6747
-7406
-6920
-4353
-1510
83
660
1899
5132
8235
8570
7680
8202
9523
7673
2402
-1879
-2940
-2379
-1302
61
540
-1107
-2506
-695
2731
4107
1141
-3735
-6701
-7373
-7102
-7245
-7549
-7457
-7253
-7289
-6778
-4582
-1990
615
3764
6148
8218
9774
8627
5314
2106
115
-462
19
916
3034
6363
9307
9807
8010
6289
4949
3533
2528
1203
-1459
-4308
-7112
-9122
-8432
-6911
-6800
-6753
-4464
-480
1862
951
-956
-1423
-2048
-4443
-5713
-3715
13
3816
5404
3939
2114
2255
4585
7614
8840
7623
4917
1566
-800
60
2293
1489
-1469
-3591
-4667
-5825
-7185
-6715
-4328
-3691
-6085
-8521
-8396
-5582
-1414
2381
4738
5926
5910
4906
3974
3683
2805
-409
-4000
-5706
-4932
-3230
-1485
171
489
-419
-818
-1178
-1616
-271
1333
1224
72
117
2006
3297
1990
-467
-1208
457
2933
2980
-344
-2534
-1316
812
2581
3944
5008
4369
1255
-1494
-461
2982
4671
3446
1256
250
516
286
-1935
-5016
-6406
-5428
-3465
-2689
-3821
-5679
-5747
-3879
-2678
-3115
-4631
-4962
-2218
2699
6687
8214
7839
5654
2855
1309
1133
995
168
-359
-666
-2210
-3354
-2620
-278
2523
3510
411
-4466
-6614
-5934
-3727
-1112
-81
-1820
-4669
-6648
-5629
-2257
373
1577
2742
5157
8018
9521
8743
5806
2582
765
-201
-1087
-1480
-1543
-1300
-594
-395
-520
271
2172
4820
6925
7510
6609
5492
4923
4436
3518
2431
1947
1271
410
565
1390
2160
2465
2402
2506
3470
4687
4834
3260
1003
-1016
-2702
-3898
-5395
-6855
-6973
-6538
-6730
-7298
-8173
-9080
-8881
-6693
-4116
-2928
-3387
-4900
-5762
-4638
-2886
-2325
-2658
-2311
-846
1521
3738
4137
2479
-608
-4118
-6127
-5199
-2663
-992
-1378
-2578
-2790
-2504
-1900
-1864
-2760
-2217
-598
105
463
1678
3217
3938
3925
3164
2097
407
-2444
-4140
-3567
-1915
-687
-189
-134
-318
-97
138
-270
-1773
-4239
-6011
-6366
-5662
-4089
-1684
1193
3075
3192
2359
1258
519
864
1813
3256
5125
6411
5918
4369
3519
3798
4271
4357
4401
4504
4869
5162
4615
4069
4633
5250
4949
4233
4001
5024
7293
10128
12816
14268
14010
12786
11968
12439
14410
17449
20109
21273
19586
14448
5577
-5733
-16472
-25210
-30999
-32762
-32768
-32764
-32768
-32764
-32768
-32765
-32712
-31591
-26912
-20259
-15125
-9951
-4894
-519
3341
6817
11124
16305
20933
24203
25688
25552
24699
23568
22357
20909
19192
16765
13778
10464
7255
4965
3144
1533
629
391
554
480
-239
-741
-1108
-1344
-1363
-1284
-1240
-1719
-2132
-2311
-2019
-641
982
2418
2939
2188
1300
704
291
-162
-931
-1721
-2981
-4155
-4459
-3947
-2746
-1734
-1503
-1489
-1426
-929
-161
218
42
-210
-439
-484
-758
-957
-810
-702
-591
-679
-815
-1473
-2265
-3030
-3718
-4146
-4626
-4925
-4800
-4593
-4473
-4151
-3509
-3117
-2434
-2079
-1917
-1587
-1515
-1334
-1246
-1403
-1238
-789
-482
-279
-465
-430
7
441
818
821
808
1256
2038
2749
3321
3640
3862
4280
4227
4347
4322
3596
3362
3413
3177
2881
2528
2158
1865
1637
1534
1948
2100
1656
1127
720
904
1466
2329
3221
3533
3308
3097
2468
1867
1684
1570
1332
966
1078
943
605
1018
1705
2129
2251
2182
1955
1958
2098
2344
2605
2626
2611
2710
2831
2998
2914
2556
2346
2316
2486
2691
2884
2847
2771
2830
2199
1146
5
-813
-1129
-517
529
1456
2637
3430
3350
2309
942
-162
-1011
-1222
-1511
-1628
-992
-366
316
542
103
-329
-574
-1110
-1649
-2051
-2544
-2718
-2603
-2573
-2611
-2543
-2640
-2667
-2672
-2690
-2792
-2911
-2863
-2979
-3022
-2804
-2593
-2175
-1985
-2073
-1707
-1522
-1588
-1404
-1446
-1550
-1583
-1591
-1679
-1798
-2002
-1894
-1537
-1433
-1588
-1257
-1112
-1058
-483
-395
-420
-341
-455
-366
-352
-357
-281
-307
-282
-387
-401
-219
-139
53
83
121
292
441
656
602
483
358
252
430
249
23
167
97
-39
-218
-202
-268
-119
88
126
406
485
425
554
491
452
480
493
476
437
232
139
77
55
-57
-12
-3
-61
-62
-341
-46
123
23
22
-59
-132
-126
-76
-19
129
334
464
513
572
836
1214
1363
1479
1380
1315
1660
1658
1526
1367
962
476
145
-196
-342
-488
-720
-1079
-1562
-2058
-2666
-3281
-4007
-4813
-5457
-6221
-7038
-7939
-8950
-9725
-10570
-11268
-11909
-12589
-12934
-13206
-13383
-13419
-13143
-12753
-12373
-11722
-10843
-10064
-9073
-7968
-7084
-6258
-5469
-4474
-3466
-2514
-1532
-636
321
1357
2497
3618
4874
6063
6766
7640
8185
8468
8891
9063
9393
9673
10030
10530
10834
11386
11924
12197
12338
12412
12254
12095
11815
11375
11096
10806
10476
10149
9519
8963
8512
7860
7407
6985
6452
5921
5353
4951
4649
4156
3527
3042
2429
1787
1241
812
359
114
-146
-579
-768
-1272
-1629
-1542
-1638
-1870
-1938
-2274
-2474
-2464
-2820
-3044
-3253
-3628
-3841
-3933
-4014
-3784
-3500
-3501
-3424
-3538
-3621
-3298
-3127
-2917
-2763
-2879
-2941
-3110
-3130
-3189
-3582
-3991
-4123
-4171
-4272
-4181
-4112
-4090
-3865
-3960
-4257
-4473
-4695
-4956
-5166
-5242
-5318
-5341
-5207
-4719
-3878
-3067
-2318
-1848
-1490
-859
-407
-188
143
405
584
708
888
1101
1285
1604
1666
1772
1933
1517
1391
1278
756
529
359
362
299
155
368
662
880
1089
1152
1358
1348
1303
1557
1655
2048
2615
2995
3352
3414
3602
3923
4153
4135
3694
3240
2808
2622
2884
3002
3052
3028
2818
2754
2744
2706
2597
2116
1269
333
-449
-993
-1399
-1492
-1724
-1576
-1156
-1024
-961
-839
-1224
-1744
-2245
-2919
-3406
-3446
-3049
-2540
-2006
-1579
-1345
-1407
-1369
-1422
-1477
-1323
-1410
-1627
-1793
-1737
-1312
-684
-51
252
-34
-441
-689
-862
-947
-948
-833
-1005
-1230
-1596
-1826
-1845
-1925
-1551
-987
-436
138
449
468
314
33
-373
-1052
-1804
-2423
-2668
-2206
-1108
222
1469
2548
3313
3590
3227
3004
2398
1742
1477
874
307
5
-246
-119
309
916
1706
2405
2612
2382
1645
605
325
653
1038
1693
2233
2335
2120
1587
418
-817
-1334
-1376
-622
620
1881
3393
4840
5739
6044
5815
5164
4234
2683
787
-1416
-3361
-4250
-3833
-2738
-1438
-390
63
207
650
1808
3648
5322
6665
7472
7497
7242
6170
4509
2788
1284
197
-1145
-3295
-6110
-8728
-10719
-11954
-12340
-12351
-12145
-11243
-10187
-9138
-8255
-7747
-6966
-5915
-4664
-3031
-1108
509
1361
1281
900
1006
1739
2760
3018
2115
559
-893
-1825
-1980
-1946
-2533
-3169
-3774
-3714
-2467
-1031
408
1481
2070
2779
3447
4486
5708
6750
7287
6834
5886
4399
2853
1801
1013
373
-59
-664
-1546
-2510
-3232
-3120
-2328
-1292
12
1283
1730
1752
1608
1150
705
589
512
657
1087
1435
1811
1848
1468
522
-646
-1660
-2291
-2785
-3107
-3135
-3164
-2719
-2025
-1046
-91
568
1370
1806
1704
1806
1955
1744
1426
1066
723
734
950
927
672
165
-609
-1470
-1919
-2357
-2228
-1848
-1538
-859
-242
477
1375
2254
3184
4162
4772
4633
4032
3113
1688
502
-168
-370
-5
324
534
724
702
299
-215
-610
-876
-972
-683
-118
658
1788
2362
2399
2039
1228
627
345
409
444
750
806
491
-81
-919
-1563
-1829
-1693
-1374
-859
-291
486
1582
2000
1699
1184
134
-706
-1053
-1050
-647
-284
-80
-306
-623
-766
-910
-625
-118
263
311
87
-107
-410
-976
-1399
-1937
-2060
-1432
-532
368
1072
1279
1439
1667
1916
2410
2488
2302
2123
1942
1664
1253
900
379
225
96
36
-154
-543
-179
680
1576
2412
2778
2491
2133
1735
918
125
-397
-774
-781
-617
-313
222
227
-183
-387
-300
40
252
-162
-720
-1388
-1403
-734
172
1420
2551
3543
4134
4565
4521
4035
3407
2512
1735
936
40
-336
-429
-771
-1076
-1326
-1509
-2027
-2752
-3342
-3620
-3384
-2760
-1825
-956
-511
-724
-1511
-2547
-3668
-4239
-4415
-4598
-4143
-3734
-3335
-2604
-2562
-2686
-3112
-4152
-4720
-4625
-4012
-2969
-2179
-1807
-1838
-2447
-3361
-4210
-4503
-4102
-4265
-4699
-4708
-5457
-6406
-7428
-8212
-8412
-7761
-6147
-4364
-3177
-2598
-1684
-810
-150
436
1120
2876
5853
9753
13630
16688
18861
19903
18562
13195
7383
6458
8363
2856
-13387
-23478
-11742
12444
28720
28300
18409
9503
3849
-596
-5201
-9763
-12466
-12383
-11172
-14348
-22419
-25259
-19336
-10780
-3276
3932
11177
16113
17139
15225
12960
12056
12036
10883
7693
3283
183
-190
1681
3963
5407
6220
7017
8760
11118
13156
13685
12326
10499
9220
8131
6862
4723
1441
-1621
-3858
-5053
-5904
-7107
-8435
-9291
-9617
-9707
-9584
-9572
-9574
-9542
-8956
-7714
-6508
-5542
-4857
-3777
-2319
-768
629
2031
3534
4414
4380
3846
2726
1121
-631
-2162
-2784
-2766
-2743
-2781
-2937
-3551
-4354
-5387
-7136
-8668
-9115
-9153
-9163
-9236
-9601
-9808
-9699
-9395
-9437
-9677
-9406
-8746
-7723
-6854
-6868
-7208
-7034
-7286
-8001
-8015
-6539
-4229
-1965
-550
658
2286
3769
4518
4223
3554
3619
4277
4291
3792
3086
3037
3694
4345
5323
6230
6480
6161
5468
4844
3843
2426
1407
1050
1466
2036
2028
1111
-856
-3220
-5291
-6447
-6430
-5334
-3886
-2491
-1278
-316
366
583
994
2135
4534
7308
9332
9396
7416
4752
2882
2628
3200
3849
4304
4649
4408
3677
2775
1785
1058
1265
1766
2290
2957
3013
2292
424
-1755
-2543
-1698
-394
730
1711
2983
4684
5157
4339
3622
2799
1560
-458
-3292
-5072
-5308
-4574
-3354
-1864
177
2190
3796
5149
5396
4047
2720
2074
1704
1462
621
410
1238
1888
2048
985
-1219
-3907
-5967
-6211
-5256
-4432
-4083
-4137
-3106
-1211
172
749
619
-350
-943
-379
706
1479
1671
1446
1450
1200
836
1317
1846
2355
2992
3262
2831
1060
-1120
-3429
-5788
-7628
-7639
-5353
-3037
-2531
-3101
-3320
-2565
-945
732
2139
3380
4487
5268
6059
5745
4060
1731
-1053
-2801
-2346
382
4269
6543
5793
3771
2304
1842
1709
1560
892
-389
-760
-587
-358
149
1502
4186
6944
8714
9357
9111
8225
6095
2614
-890
-3604
-4817
-5587
-7441
-9737
-11228
-10968
-9725
-9190
-9066
-7864
-5763
-3262
-858
842
2064
3824
6292
7528
6071
3614
1515
-676
-2823
-4496
-5027
-4022
-2130
-467
329
230
139
106
133
406
-255
-2414
-4271
-3717
-2106
-986
-308
-308
-506
-363
-739
-775
964
2488
2307
2335
4094
5979
6446
5418
4405
4394
5044
4802
3119
579
-1657
-2088
-385
2163
4115
5011
5374
6000
6508
5241
1897
-2175
-6168
-9619
-11065
-10419
-8782
-7466
-6894
-6606
-5916
-3392
571
2886
3230
4344
5821
5766
5291
4989
3975
2794
2078
1203
605
976
234
-1607
-2415
-2708
-2677
-1841
-1839
-2567
-2541
-2641
-4709
-6802
-5691
-2058
1350
2917
3458
3810
2786
335
-1377
-1653
-1135
-757
-1739
-3092
-2369
616
4126
6761
7887
7896
7058
5373
2875
764
-749
-1385
-8
1572
1733
2199
3622
4984
5694
4571
864
-3137
-4316
-2919
-962
-10
-1859
-5939
-9546
-10427
-8078
-4623
-1628
295
-120
-1673
-3244
-5764
-9094
-10419
-8697
-6564
-5082
-3045
53
2153
1792
531
862
2726
5190
7562
8513
8146
7715
7996
8613
8500
7755
6548
4379
571
-4601
-8156
-8187
-5633
-1371
2958
6019
6515
4551
1761
-848
-1958
-2136
-2899
-4772
-6861
-6668
-3517
216
1634
-360
-2974
-3181
-1624
-1064
-2544
-3469
-2200
-300
1115
2673
5512
8284
8768
7865
7068
6964
6500
4739
4208
5878
8591
9545
7694
4802
2155
-382
-2249
-3208
-4383
-5782
-5908
-4409
-1935
560
1406
1169
1311
1104
-2036
-7993
-13146
-14806
-13009
-10460
-8021
-4147
-580
152
687
3985
9663
13768
11811
4630
-2230
-6108
-9806
-13248
-11384
-2660
5977
6061
354
-1529
705
1220
376
513
554
51
-299
-863
-2088
-2498
140
4330
6254
4737
2092
799
74
-1378
-2159
-325
3211
5235
3239
-1654
-6380
-8279
-6242
-2114
114
-2196
-7353
-10716
-10123
-6927
-4984
-5211
-5024
-2536
2244
6008
6211
5415
5580
5404
5192
5565
4050
239
-558
3186
4431
2209
4082
10118
12220
7994
3599
3014
3130
321
-4048
-7685
-10351
-12342
-12558
-8769
-2913
594
501
-1099
-767
1231
1026
-1631
-4184
-6511
-9100
-10401
-9198
-6142
-2061
2568
5294
4839
4290
5799
8876
12345
14418
13359
8605
3450
1444
2370
3112
1721
-280
-2122
-4120
-4440
-1251
3249
4757
2113
-2691
-6794
-7750
-5923
-3334
-1857
-1999
-1533
-317
-1261
-4536
-7202
-7148
-5163
-3028
-1569
961
4925
5858
2419
-1997
-5191
-7174
-8288
-8747
-7948
-5567
-2864
-1026
222
1889
4635
6814
6557
4844
3628
3093
3212
4405
6576
8352
8294
7285
6145
5865
6545
7870
9031
8576
6824
4593
1965
-839
-2600
-3011
-2410
-588
1816
3654
5407
6508
5706
3685
1636
-505
-2440
-2933
-1018
2204
4652
5133
3424
958
-1725
-5051
-8553
-10854
-10830
-9645
-8773
-7956
-6833
-6784
-8038
-8568
-8278
-7719
-6776
-6639
-6678
-5087
-3100
-940
1094
2191
1835
-337
-2484
-2931
-1471
921
2540
2861
2311
2024
2683
3804
4991
5082
3569
1336
-923
-3041
-4803
-4834
-2460
792
3924
6008
5472
2495
-700
-2385
-3276
-4503
-5608
-5517
-3571
-1592
-778
445
4579
10828
16340
18363
15699
9951
3645
-1057
-2867
-1937
-539
-205
256
615
107
-434
-327
-886
-3537
-6686
-8784
-8879
-6830
-4633
-3027
-1440
-386
-1198
-3126
-4525
-4652
-3124
-365
1886
1969
1240
2229
4634
6062
4836
2025
-772
-3022
-4358
-4344
-3130
-1391
462
1465
813
33
966
2845
3213
2505
3267
4468
3663
1413
-684
-3348
-5500
-5676
-4587
-3173
-2757
-2448
-569
2523
4263
3669
2029
432
-501
-1266
-2207
-2550
-1750
-154
625
-1212
-3564
-4129
-3091
-2141
-1198
842
2798
4254
5828
6888
6389
4571
2426
-66
-2184
-2490
-1785
-1535
-2607
-4262
-5168
-5061
-3375
398
3751
3104
-1452
-6250
-7907
-5121
277
4889
6363
5167
2436
-620
-3472
-5903
-6406
-5093
-3200
-1530
43
1750
3244
3792
2834
1278
181
-1056
-1975
-1332
-462
-509
-428
1018
2770
4243
4517
2875
697
-887
-1892
-2611
-2624
-1916
-472
1545
3765
5997
8278
10609
12398
12940
12720
12275
11337
10704
10698
10725
10307
10558
12844
17083
21045
20600
11527
-4200
-19468
-30120
-32764
-32730
-32767
-32766
-32766
-32763
-32766
-32452
-29819
-23450
-17176
-12308
-7433
-3585
-840
1201
3937
8440
13819
19573
24182
26956
28598
29349
29372
29169
28390
26626
23795
19220
14007
9769
6921
5459
4466
3694
3574
3967
4901
5589
4956
3583
1963
345
-1318
-3247
-4778
-5457
-5261
-4928
-4791
-4199
-2718
-1090
-267
-583
-1351
-2525
-4010
-5433
-6974
-8208
-8419
-7226
-5105
-2833
-796
629
1407
1678
2008
2219
2156
1988
1501
1053
1046
1304
1417
1844
2469
2961
2746
1648
2
-1647
-3068
-4362
-5234
-5644
-5086
-3579
-2040
-1450
-2228
-3882
-5247
-5781
-5607
-4696
-3298
-1789
-176
771
733
246
-699
-1391
-2013
-3358
-4462
-4892
-4554
-2877
-469
1906
3661
4443
3941
2863
1837
937
551
72
-368
-377
-398
151
1067
1754
1754
1013
-74
-840
-1084
-654
449
1855
3174
4011
4849
5326
5093
4274
3196
2516
2229
2375
2908
3387
3863
4317
5112
6114
6681
6936
6586
5789
4351
2949
1716
131
-1314
-2413
-3105
-2964
-2426
-1758
-1293
-1358
-889
-298
-228
8
456
924
929
697
334
323
860
1687
2267
2563
2707
2642
2405
2314
2345
2784
3395
3649
3728
3316
3390
3939
4237
4259
4490
4758
4757
4148
2670
763
-595
-332
714
2114
3711
4291
4131
3014
943
-1121
-2842
-4162
-4657
-4630
-4419
-3594
-2583
-1809
-1505
-1981
-3095
-3628
-3680
-3937
-4242
-4654
-4767
-4383
-4087
-3815
-3233
-2475
-1898
-1128
-527
-550
-659
-1240
-1932
-2426
-2622
-2647
-2700
-2404
-1958
-1079
-159
454
768
944
815
346
-57
-551
-1092
-1515
-1927
-690
2453
3827
1384
-2255
-3789
-2518
-738
-314
-1561
-3178
-3500
-2380
-618
762
507
-808
-2075
-2618
-2233
-1855
-1956
-2501
-2926
-2368
-1101
-18
8
-701
-1428
-1559
-1015
-316
-141
-694
-1099
-1621
-1615
-1011
-946
-1285
-1973
-2431
-2271
-1516
-834
-186
345
421
765
1088
974
470
-110
-488
-618
-730
-1191
-1509
-1433
-994
-381
613
1573
2270
2676
2552
2056
1228
443
-236
-886
-1340
-1335
-584
195
1037
1912
2692
3495
3972
4152
3960
3361
2890
1954
760
-411
-1536
-2134
-2309
-2531
-2679
-2637
-2433
-2227
-2771
-3974
-5106
-6107
-7100
-8168
-9121
-10320
-11264
-11775
-12164
-12028
-11394
-10453
-9077
-7851
-7018
-6168
-5632
-5471
-5607
-6192
-6802
-6716
-5992
-5013
-3751
-2770
-1696
-430
523
1496
2138
2941
3864
4927
6359
7537
8427
9148
9642
9873
10242
10806
11357
11611
11986
12585
13272
13954
14425
14605
14437
14147
13149
11471
9758
8184
6859
5929
5544
5471
5413
5522
5207
4428
3841
3402
2960
2610
2123
1549
1158
800
249
-294
-772
-1286
-1324
-980
-783
-373
-158
-339
-869
-2173
-3581
-4687
-5553
-5943
-5840
-5675
-5482
-5135
-4599
-3942
-3624
-3979
-4842
-5958
-6847
-7317
-7204
-6544
-5839
-5002
-4367
-4235
-4380
-5046
-5912
-6670
-7227
-7563
-7212
-6790
-6343
-5518
-4690
-4036
-3356
-2995
-3096
-3182
-3443
-3710
-3901
-3948
-3483
-2832
-1894
-872
219
1166
1808
2353
2572
2640
2570
2409
2062
1456
830
1162
1804
2507
3502
4044
4721
5208
4708
3918
2674
1369
649
-143
-713
-880
-1022
-679
381
1419
2386
3270
3838
4261
4621
4631
4403
4014
3279
2878
3040
3647
4530
5238
5491
5215
4629
3751
2729
1439
245
-456
-901
-1006
-436
527
1491
1725
1273
524
-838
-2131
-3237
-4578
-4840
-4191
-3695
-3130
-2497
-2276
-2361
-2445
-2721
-3001
-3208
-3801
-4396
-4824
-5565
-6188
-6269
-6128
-6132
-5929
-5124
-4276
-3051
-1735
-882
-188
32
-103
-398
-425
-296
-40
299
479
1189
1975
2657
3219
3480
3557
3434
3588
3403
3659
3883
3888
4898
6491
7295
7107
6882
6539
5849
5259
4923
4655
4137
3359
2312
1415
799
729
858
891
987
1077
819
-359
-1837
-3163
-4240
-4463
-4303
-4425
-5087
-6024
-6235
-5373
-3818
-1918
-467
24
97
36
-278
-315
-426
-843
-1343
-1204
10
1717
3272
3637
3169
3220
4009
5142
5301
3886
1912
613
1055
2502
4217
4911
4125
2844
1862
1623
1781
1774
1598
1142
208
-596
-785
-869
-1367
-2364
-3677
-4901
-5735
-5915
-5559
-4879
-4321
-4126
-4374
-5287
-6565
-8443
-10668
-12853
-14698
-15282
-14515
-12648
-10066
-7220
-4589
-2642
-1205
-359
-59
7
133
195
-97
-695
-1067
-609
554
2310
3942
5151
5572
5518
5555
5907
6673
7156
6901
5824
4093
2063
130
-1317
-2275
-2425
-2009
-1772
-1700
-1895
-2163
-2857
-3581
-3693
-3419
-2463
-1214
-132
953
2082
3481
4611
4842
4719
3949
3000
2285
1511
886
606
505
532
923
1581
2341
2823
2978
2733
2570
2302
1903
1656
972
110
-402
-341
365
1244
1904
2493
2776
2789
2628
2505
2395
2225
2444
2811
3476
4168
4343
4190
3826
3438
2967
2302
1535
428
-279
-475
-766
-1014
-1442
-2162
-2472
-2561
-2279
-1288
186
1714
3307
4337
4424
4188
3122
1974
1333
610
107
-540
-1569
-2108
-2279
-2142
-1784
-1406
-1055
-708
-179
761
2021
3237
4416
5091
5245
4810
4080
3116
1876
613
-717
-1492
-1847
-1656
-1161
-1247
-1754
-2913
-4161
-5088
-5607
-5472
-4929
-4109
-2974
-1852
-981
-157
954
1847
2356
2453
2081
1604
973
638
334
50
-20
-108
-2
171
193
5
-778
-2107
-3377
-4804
-6018
-7072
-8131
-9192
-10157
-10781
-10938
-10841
-10296
-9709
-9100
-8573
-8489
-8618
-8793
-8936
-8892
-8198
-6953
-5144
-3003
-774
1705
4164
5910
7072
8299
9197
10122
11132
11675
12158
12736
13174
13190
13057
12639
11508
9896
8159
6417
4720
3223
1701
573
-17
-645
-785
-874
-741
-154
196
349
470
523
554
399
263
173
-18
91
577
1286
2006
2938
3917
4605
5170
5590
5910
6424
6935
7695
8023
7804
7814
7686
7475
7272
6519
5784
4984
3475
2136
580
-964
-2165
-3333
-4439
-5455
-6207
-6805
-7062
-7276
-7440
-7839
-8498
-9071
-9408
-9388
-9273
-9261
-9359
-9129
-8678
-8304
-7892
-7593
-7413
-7257
-7274
-7400
-7601
-7139
-6487
-5736
-5004
-4106
-2953
-1801
-166
1406
2532
3418
4056
4770
5086
5277
5167
5214
5392
5131
4615
3748
2735
1680
402
-975
-2125
-2818
-3464
-4206
-4756
-5180
-5462
-5879
-6559
-7182
-7613
-7858
-7922
-7435
-6231
-4479
-2550
-504
1095
2207
3107
3319
3261
2990
2095
1286
982
1035
1144
1270
1360
945
240
-384
-1142
-2662
-4841
-6532
-7274
-7011
-6039
-5022
-4408
-3531
-2296
-1099
5
520
326
83
-216
-354
110
365
210
9
-376
-543
-1092
-2136
-2862
-2699
-1957
-923
575
1625
1848
2316
2560
2292
1967
2112
3399
4553
4592
3634
2364
1374
868
623
532
643
1256
2300
2763
2397
1762
1142
1034
1150
1718
2604
2559
1789
1571
2275
2413
2093
2078
2170
1790
825
583
848
488
-451
-1269
-1225
-196
1103
2096
2108
1703
1342
748
766
1321
1679
1833
1849
2639
4312
6628
8258
8227
7004
4973
2576
-421
-3198
-5857
-8292
-9614
-10142
-9338
-6541
-3018
312
2713
3723
5094
6196
5833
5499
5622
5728
5188
4022
2984
2369
1348
361
345
357
26
-322
-1009
-1992
-3041
-3505
-3531
-3451
-4080
-5062
-5877
-5038
-2398
684
3733
6734
9679
11403
11158
9185
7058
5482
3854
2245
1121
51
-1383
-3123
-5089
-6724
-7129
-6022
-4317
-2821
-2223
-2183
-1407
35
1688
2969
3632
3820
2866
1284
356
-128
-618
-982
-830
-288
139
-2
-159
371
305
-499
-789
-168
1279
2786
3638
3775
3255
2853
3317
4624
5597
5132
4101
2576
1032
1055
1867
2310
2820
3462
3217
910
-2904
-6743
-10521
-12671
-13044
-13581
-14216
-13567
-12078
-11648
-11462
-10176
-8411
-7128
-4395
721
5375
8128
9321
10464
11434
10958
8497
4865
2249
1055
-119
-1106
6
2049
2308
1153
60
-889
-856
1297
4370
5930
4089
85
-3399
-3802
-1252
1650
2252
226
-2609
-4827
-6393
-6989
-6791
-6024
-5026
-4307
-3213
-1598
905
5006
9966
12851
11991
8750
5266
3615
3723
3849
3695
4465
6601
9001
8544
4235
1361
1518
704
-1577
-3992
-4960
-3955
-4489
-7300
-7675
-5481
-4410
-3948
-2425
-964
480
2174
3291
3010
1339
648
1794
2963
2349
254
-1344
-4230
-8898
-12083
-13034
-12589
-11050
-8771
-7705
-7363
-4901
-2484
-2409
-3341
-4721
-4539
-677
3060
3371
3095
4645
6180
6356
6160
8195
11078
11915
10537
6491
1637
-905
-804
2021
6580
7688
3951
-261
-2376
-3212
-3281
-1066
3455
6784
6604
4758
2817
-157
-4777
-9761
-12538
-12875
-12628
-12158
-11709
-11308
-7777
-2011
1953
3598
3438
2188
1948
3244
3802
2708
2810
6567
10911
10149
3918
-2488
-5073
-3396
30
3973
7798
9352
8614
5770
1943
-1032
-4612
-8203
-8696
-6509
-4498
-2671
-1445
-2756
-4585
-4603
-3801
-2466
313
3044
2722
-524
-2287
-468
2500
4096
2666
-686
-1786
1171
5462
8540
11093
12495
10890
6144
260
-4334
-6209
-6429
-7577
-8709
-6938
-2463
877
790
-1467
-2849
-1741
9
875
405
-721
-1143
298
2142
2391
1427
-17
-447
181
-509
-2753
-3423
-843
4283
8678
9931
10489
10831
9376
7548
7140
5888
1237
-4690
-9534
-14228
-17618
-17373
-13798
-8703
-3672
1699
6696
9028
7049
2084
-2775
-5621
-6158
-4849
-4305
-6741
-9183
-8049
-3410
2206
6484
6995
4792
3445
2551
1895
836
-2912
-7082
-7378
-2918
3876
10074
13256
13403
12421
11464
9891
6903
3660
1686
1286
879
-1311
-4553
-7179
-8222
-7788
-7769
-9273
-9210
-6918
-5096
-3716
-2615
-3329
-5919
-7435
-5337
-1234
1595
679
-2673
-4934
-4844
-2891
-562
819
847
395
89
-436
-1000
-2030
-3564
-4563
-4249
-2862
-1527
-1004
-805
-60
1686
4005
6033
7268
7089
5622
4509
5012
6942
8863
10496
11328
11195
11449
12138
12497
11372
8501
5090
1789
-1671
-5012
-6896
-6653
-5384
-3993
-3437
-3805
-3417
-1833
615
3356
5665
6691
6153
4615
3726
3353
2512
1310
412
555
430
-142
-943
-3202
-6743
-9154
-9437
-9580
-10262
-10406
-9836
-9414
-9210
-8246
-5790
-2803
-1248
-2330
-4377
-4872
-3313
-1335
-145
709
1227
2004
3343
3794
2215
176
-820
-804
-783
-1911
-4213
-6444
-6910
-5523
-3874
-2260
224
1894
1565
1138
2201
4246
5976
7217
8350
8227
6056
4210
3902
4787
6214
6648
5331
2622
723
792
1776
1914
-328
-4199
-7373
-8163
-6947
-5270
-3649
-2209
-2135
-2143
-233
2655
4132
3078
1714
1680
2328
2718
1942
742
2
-857
-1791
-1963
-743
793
1242
94
-1518
-2142
-1391
-546
-1251
-2563
-2405
-594
480
602
356
316
449
-408
-1608
-1930
-1747
-1884
-1711
-1015
-19
1317
2620
3652
3616
2225
915
-273
-2126
-4134
-5491
-5359
-4052
-2952
-2661
-2617
-1645
446
2038
2912
3898
4885
5120
4804
3902
2564
1575
741
-474
-2793
-5498
-6934
-5840
-4094
-3801
-3864
-3172
-1750
-83
1305
1879
1580
-124
-2991
-4913
-4885
-4228
-4292
-3631
-985
2426
5338
7790
9626
9965
8098
5044
2465
799
-41
-1586
-4563
-6985
-6756
-4204
-1218
354
565
661
430
-200
-713
-664
135
912
772
-167
-2481
-5359
-7062
-7051
-5876
-3813
-1323
-801
-1309
-2229
-3932
-5047
-5672
-6472
-6202
-4438
-1271
2775
6081
8068
7909
5695
3037
1114
965
1463
1598
790
-744
-1992
-2424
-1743
-499
290
3
-1242
-1562
-537
166
239
929
2210
3062
3218
2288
418
-1402
-2651
-3631
-4536
-4387
-3247
-1352
785
2991
5259
7082
8336
9255
10015
10938
11850
11278
10028
9569
8707
9253
9304
7606
6025
5311
6347
8877
12114
16029
20817
25737
29982
32520
31807
26349
10167
-13145
-29960
-32764
-32761
-32761
-32768
-32762
-32768
-32761
-32768
-32705
-31685
-27695
-22389
-18246
-13820
-9273
-5219
-2270
-224
1822
4499
8334
12562
16738
20722
23718
25649
26515
26178
25001
22823
19713
16421
12969
9711
6607
4201
2429
1104
156
-424
-860
-1520
-2167
-2351
-2214
-1530
-557
80
403
309
108
679
1778
2472
2520
2771
3039
2705
1635
-28
-2028
-3743
-4967
-5529
-5794
-5461
-4273
-2998
-1890
-903
-150
30
355
580
357
84
-781
-1782
-2090
-2089
-1639
-872
-246
68
-106
-433
25
235
-681
-1660
-2152
-2421
-2599
-3138
-3823
-3886
-3284
-2908
-3176
-3218
-3252
-2912
-2083
-1444
-1604
-2027
-2349
-2154
-1348
-774
-283
-181
-470
-59
912
1879
2409
2390
2436
2571
3232
4076
4187
4073
3975
3923
3817
3852
3737
3573
3597
3663
3601
3712
3579
3516
3901
3885
3713
3499
3377
3324
3229
2860
2415
2369
2314
2322
2388
2354
2541
2796
2860
2990
2839
2266
1938
1408
662
219
-243
-908
-1472
-1861
-2016
-2339
-2622
-2741
-2904
-3035
-3404
-3435
-3042
-2253
-1332
-308
488
954
1673
2435
3125
3633
4032
4457
4458
4424
4641
4821
5157
4907
3983
3570
3765
4034
4167
4582
4995
4913
4504
3662
2735
1820
1248
1138
722
541
647
658
718
452
173
-57
-542
-1097
-1701
-2191
-2471
-2688
-2988
-3646
-4187
-4464
-4262
-3974
-3884
-3739
-3596
-3475
-3274
-3337
-3324
-3005
-3109
-3185
-3099
-3093
-2657
-2204
-2196
-2154
-2143
-2028
-1663
-1580
-1595
-1187
-1030
-950
-691
-717
-548
-357
-293
-218
-419
-730
-695
-642
-691
-742
-838
-875
-1069
-1089
-1090
-1094
-1143
-1327
-1540
-1765
-1568
-1320
-1252
-1212
-1358
-1391
-1297
-1302
-1311
-1222
-1248
-1367
-1294
-1150
-1270
-1392
-1523
-1571
-1173
-1178
-1265
-1182
-1144
-906
-743
-631
-365
-180
-12
90
220
102
-222
-537
-931
-1177
-1296
-1441
-1431
-1367
-1076
-807
-540
-349
-558
-275
61
134
361
103
-68
-54
47
17
256
404
320
138
23
99
273
715
1019
933
636
425
167
-146
-804
-1527
-2219
-3107
-3762
-4633
-5466
-5895
-6347
-6688
-7117
-7509
-7910
-8387
-8525
-8582
-8488
-8220
-8237
-8126
-7631
-7332
-7035
-6501
-5742
-4831
-4273
-3699
-3136
-2680
-1889
-1290
-640
-127
408
990
1515
2151
2493
2737
3073
3471
4131
4698
5373
6110
6689
7606
8208
8631
9185
9507
9681
9814
9947
9945
9966
9870
9531
9273
8910
8274
7836
7322
6981
6795
6646
6692
6494
6306
6149
5699
5126
4858
4629
4104
3674
3350
3027
2476
1616
733
53
-125
-309
-420
49
465
487
735
775
489
457
217
-143
-360
-589
-772
-839
-925
-856
-775
-572
-688
-1195
-1700
-2339
-2505
-2271
-2019
-1892
-1878
-1803
-2102
-2618
-3613
-4861
-5632
-6357
-6874
-7294
-7666
-7765
-7553
-7179
-6701
-6543
-6469
-6481
-6771
-7113
-7191
-7049
-6693
-6251
-5888
-5378
-4620
-4020
-3625
-3465
-3480
-3664
-3748
-3441
-3175
-2956
-2515
-1827
-1220
-546
476
1318
2042
2637
2632
2684
2852
2936
3459
3628
3629
3682
3502
3342
3400
3198
2970
2540
1568
1187
921
1110
1724
2059
2166
2321
2820
3389
3868
4035
4042
4086
4033
3735
3449
3323
3674
4080
4404
4461
4190
3738
2958
2068
989
235
-211
-749
-1192
-1792
-2868
-3730
-4675
-6018
-6989
-7622
-7299
-6197
-4965
-3921
-3557
-3405
-3297
-3036
-2819
-3099
-3288
-3330
-3344
-2919
-2678
-2418
-1665
-810
268
1705
3456
5305
6950
7901
8006
7633
7038
6236
5198
4422
4087
4107
4658
4970
4311
3246
1259
-1115
-2817
-3851
-4515
-4865
-5023
-5167
-5198
-4803
-4043
-2564
-811
1017
3081
4279
4677
4404
3090
1318
-71
-555
-181
371
632
650
963
1654
2467
3038
3656
4702
5481
6146
6909
7504
8215
8487
7616
5967
3855
1447
-454
-1849
-2557
-2481
-1888
-836
63
371
394
479
838
1230
1760
1742
955
-181
-1684
-3177
-3919
-3552
-2054
-704
-641
-1909
-4071
-6114
-7644
-8542
-9334
-9981
-10063
-10032
-9534
-8243
-6979
-5622
-4966
-4832
-4507
-3890
-3242
-2848
-2268
-1638
-1318
-1909
-3140
-3806
-3596
-2971
-2439
-2106
-1851
-1821
-1605
-1330
-816
411
1581
2443
3043
3324
3203
2645
2298
2042
1806
1779
1654
1400
714
-97
-312
-183
312
1191
1771
2300
2885
3741
4984
6012
6341
6100
5517
4904
3955
2866
2095
1139
267
-865
-1929
-2588
-2923
-2657
-2455
-2368
-1948
-1381
-750
241
1480
2516
3103
3190
2570
1646
432
-718
-1527
-2015
-1796
-1388
-723
4
285
868
1238
1333
1928
2605
3367
4233
4729
4903
4933
4813
4582
3964
2997
1866
789
170
-148
-276
-279
-343
-219
-90
-155
-12
497
886
1298
1786
2139
2454
2891
3205
3279
3428
3471
3586
3812
3697
3444
3078
2472
1828
1442
1084
1025
1193
1264
1283
1407
1747
2037
2161
1877
1381
844
250
-257
-801
-1599
-2113
-2538
-3029
-3327
-3555
-3614
-3638
-3659
-3957
-4447
-4773
-4779
-4814
-4817
-4836
-4859
-4705
-4527
-4459
-4260
-3724
-3350
-3404
-3786
-4388
-4877
-5440
-6396
-7076
-7897
-8394
-7933
-7792
-7676
-7239
-6473
-5989
-5650
-5482
-5563
-5190
-4761
-4710
-4915
-5482
-6106
-6742
-7175
-7439
-7095
-5978
-4461
-2639
-1275
-1326
-1887
-2694
-2500
-555
2235
5886
10526
15555
19122
20503
20736
20843
21147
21198
20415
19117
17412
15605
13671
11762
10139
8522
6915
5359
3553
1627
101
-1227
-2117
-2576
-2908
-2892
-2946
-3291
-3891
-4475
-4693
-4824
-4915
-4559
-3815
-2460
-904
356
1606
2896
4243
5182
5682
5883
5988
5766
5495
5285
5021
4768
4464
4275
3642
2528
1472
802
528
323
60
35
110
-100
-296
-353
-190
-81
-206
-446
-1068
-1663
-2259
-2827
-3456
-4142
-4686
-4576
-3981
-3429
-3065
-2341
-1546
-853
-497
-361
-169
-318
-441
-919
-1392
-1181
-1036
-1042
-1332
-2119
-2624
-2934
-3018
-3192
-3774
-4373
-5210
-5895
-6189
-6559
-7019
-7921
-9554
-10861
-11545
-12094
-12672
-13412
-14426
-15382
-15357
-14900
-14261
-13572
-12887
-11933
-10749
-9295
-8142
-7539
-7439
-7165
-6223
-5108
-3913
-2865
-2100
-1397
-809
-812
-903
-614
170
799
765
512
655
1055
1498
1919
2367
2477
2538
3260
3997
4509
4678
4607
4720
4896
4805
4635
4742
5085
5431
5518
5417
5155
4748
4385
4482
4671
4475
3909
3591
4248
5132
5468
5406
5282
5475
5760
6161
7190
8761
10151
10895
11247
11295
10804
9531
7727
6083
4593
3119
1793
441
-706
-928
-468
395
1004
823
-403
-1934
-2115
-1378
-1368
-2159
-2611
-1714
-310
470
676
1400
2760
4378
5370
4850
3826
2990
1902
264
-1246
-1759
-690
349
155
189
1252
2156
2101
1097
-107
432
2433
3948
4233
3830
4136
5094
5489
4201
1048
-2843
-5533
-6731
-7680
-8634
-8963
-8428
-8125
-8415
-8385
-7988
-7171
-5926
-4780
-4345
-4493
-4133
-3746
-3703
-3106
-1748
64
1358
1522
538
-658
-1158
-1364
-1417
-1709
-2152
-2060
-1815
-1964
-2041
-1717
-860
84
994
1793
3273
5419
5634
3412
972
-573
-1938
-3816
-5411
-5535
-4508
-3899
-4232
-4694
-4738
-4081
-3448
-3449
-2837
-1045
968
2072
2001
1848
1955
1915
2385
3181
3539
3811
4225
4916
5795
6005
5381
3993
2800
2506
3345
4696
5095
4819
4148
2770
1659
918
-371
-2485
-5261
-7228
-7066
-5425
-3707
-2456
-2188
-3174
-4269
-4224
-2828
-1307
-1004
-702
438
1812
2858
3832
4667
4558
4231
4480
5252
5595
4380
2642
1449
1333
3615
7266
9945
10376
7556
3914
1851
1244
1744
519
-2889
-5099
-6287
-8063
-9372
-9680
-8895
-7129
-5160
-4635
-4559
-3104
-2122
-3467
-6015
-6751
-5067
-3397
-2537
-1535
237
2618
4108
4730
6240
8683
9875
9315
8361
7374
6162
5358
5076
4761
5062
6025
5042
1470
-1393
-863
2049
3687
3119
2058
577
-2130
-4691
-4993
-3597
-2380
-2880
-4983
-6900
-8055
-8628
-8501
-7408
-6105
-6395
-8465
-8638
-4890
-273
2909
4848
6267
7752
8838
7826
5016
2030
98
-606
-369
998
1100
-2240
-6082
-6673
-4243
-1044
1548
3845
5041
3880
848
-2460
-2743
723
4096
5339
5340
5833
6198
5576
4252
1887
-992
-4102
-7967
-11476
-12260
-9503
-4485
-231
1524
2268
3078
4283
5060
5352
5154
3303
587
-1301
-2353
-3370
-4649
-6055
-7279
-7860
-6521
-1737
4368
8078
9328
9523
9042
8038
6784
5567
3641
-79
-4642
-7291
-7088
-6940
-8142
-8203
-6116
-2990
1321
6227
9034
8115
5224
3413
3307
3405
2590
2467
3629
3267
-1467
-7365
-9502
-7555
-4010
-480
1700
1271
140
519
1173
-132
-1959
-2298
-1483
-1397
-3116
-5040
-4957
-2816
-5
2086
2605
2407
3291
4715
3746
556
-996
609
3211
4906
4751
2569
-146
-1850
-2190
-1483
-449
244
767
1368
2255
2525
1773
1923
2588
1401
-2551
-6616
-7551
-5613
-3080
-2131
-3195
-3800
-2977
-1676
553
2549
2656
1587
585
-534
-988
-446
-589
-2199
-3745
-3980
-3090
-1328
968
2617
2527
2150
3558
6362
8396
7979
4763
733
-774
-656
-1386
-3368
-6851
-10179
-10751
-9818
-9312
-9111
-8202
-6936
-3602
3785
11075
13773
12487
8933
3882
-43
-567
-716
-3786
-6854
-6830
-5619
-4045
-1501
1165
2047
1526
1444
2064
2726
4009
5639
4826
1509
-1939
-4220
-4296
-2714
-1783
-2161
-3720
-4236
-1053
3409
5501
4205
785
-2618
-4113
-3331
-1189
222
-717
-2555
-3899
-5146
-5507
-5252
-5948
-7013
-6539
-3235
265
254
-627
2093
7728
12079
11779
7578
2593
-262
-186
681
1125
982
689
1738
4921
8107
7539
3755
927
1106
3233
4477
3193
1450
1979
3944
5409
3979
-293
-3687
-4876
-4992
-5433
-5824
-4716
-2886
-2034
-2524
-1903
833
3265
3563
1399
-2483
-5981
-6494
-4068
-287
2441
2360
-65
-3115
-3956
-1724
53
-1735
-4591
-4265
-2304
-1339
52
1506
1410
320
-1125
-1846
-690
1978
3708
2449
-781
-3051
-3593
-3525
-3097
-1944
915
5391
10261
13676
15469
16027
13680
8435
2867
-1685
-5852
-8965
-9079
-4434
2738
6888
5752
1530
-1393
-1510
-1042
-1668
-2762
-2606
-886
507
-503
-3697
-6285
-6436
-5323
-3943
-2493
-1492
-717
682
2401
3004
1123
-2019
-3746
-2866
-1676
-3522
-6813
-7481
-4756
-1241
799
698
111
870
2138
2575
1984
491
-1237
-1260
-423
-1701
-4241
-6722
-8765
-9112
-7035
-3122
1732
6046
8970
10770
11767
12652
13839
15385
16982
17346
16491
15727
14983
13512
11199
8470
5762
2986
-416
-4133
-6440
-6648
-5561
-4681
-4934
-6042
-7389
-8828
-10489
-11947
-12396
-11622
-10456
-8730
-6409
-4434
-3710
-4165
-4859
-4836
-3199
-1351
-1052
-1388
-1214
-569
329
1609
2616
2648
2539
2843
2633
1742
789
-264
-1590
-3418
-5544
-6904
-6517
-4488
-2062
-355
-128
-1140
-1748
-1524
-2038
-3530
-5077
-6178
-5742
-4648
-3661
-2580
-670
2705
5705
6227
4584
1997
-1132
-4432
-7123
-8039
-7384
-5852
-4313
-3464
-1666
1561
3994
3883
2788
2513
2773
3501
4985
6162
6389
5831
4628
2787
1296
1072
1689
2600
2853
1664
-682
-2961
-4126
-4353
-4461
-4221
-4609
-6301
-7884
-8279
-6957
-3570
483
2754
3157
2939
2980
3071
2243
887
755
1390
1301
-97
-2007
-2020
158
3023
5347
6456
6075
5065
4285
4218
4507
3937
3248
3277
4007
4840
5357
5613
6441
7830
8923
9050
8393
8477
9347
10394
11138
10864
11130
13493
17364
21758
25201
25418
20753
11245
-372
-10789
-18945
-25001
-29582
-32768
-32726
-32764
-32768
-32762
-32766
-32722
-32129
-30182
-27748
-24987
-20693
-15702
-10890
-6695
-2319
2856
8466
13761
17944
20921
23097
24791
26385
27358
26965
25189
22338
18916
15487
12467
9561
7307
5679
4340
3418
2637
1794
1003
-149
-1709
-2754
-3437
-4007
-4323
-4321
-4172
-3935
-3782
-3585
-2908
-1942
-929
-57
470
602
714
652
463
353
326
67
-77
195
446
621
544
223
1
-30
-37
94
144
124
225
313
-191
-971
-1706
-2386
-2585
-2585
-2599
-2514
-2413
-2298
-2011
-1900
-2037
-2161
-1960
-1617
-1368
-1266
-1167
-789
-418
-814
-1580
-2221
-2590
-2351
-2166
-2515
-2777
-2290
-1797
-1462
-1416
-1690
-1592
-888
40
839
1022
1016
1358
1884
2466
2719
2889
2741
2281
2059
1908
1994
2442
2808
2815
2890
3251
3511
3781
3996
4085
4274
4354
4229
4020
3794
3339
2887
2508
2306
2114
2182
2275
2184
2188
1647
1509
1621
1355
1250
1017
881
978
1292
1442
1489
1841
2048
1893
1631
1551
1676
1792
1952
1786
1428
1351
1381
1530
1637
1560
1565
1735
1882
2138
2335
2378
2507
2537
2618
2745
2862
3130
3220
2910
2229
1438
1212
1248
1310
1433
1651
1844
1469
530
-200
-683
-1368
-2073
-2715
-3082
-3094
-3204
-3129
-2998
-3154
-2986
-3056
-3237
-3304
-3599
-3620
-3691
-3672
-3550
-3568
-3308
-3082
-2876
-2543
-2140
-1632
-1324
-1258
-1280
-1384
-1448
-1478
-1433
-1278
-1060
-816
-770
-800
-795
-633
-469
-231
-379
-803
-1057
-1164
-1178
-1467
-1689
-1838
-1819
-1599
-1610
-1622
-1502
-1480
-1380
-1479
-1636
-1511
-1427
-1166
-1030
-1157
-1245
-1167
-979
-828
-522
-297
4
391
509
697
829
828
770
958
784
678
754
592
494
347
216
101
-60
-38
-45
-183
-164
-296
-275
81
129
15
-215
-437
-651
-703
-479
-331
-343
-386
-311
-261
-565
-752
-643
-589
-277
-221
-282
-214
-105
81
136
101
232
325
487
816
741
691
705
773
1105
1260
1363
1291
1332
1241
1043
891
751
726
567
164
-279
-540
-667
-795
-1042
-1539
-2104
-2433
-2713
-2950
-3201
-3591
-4083
-4525
-4966
-5320
-5708
-6107
-6426
-6558
-6439
-6430
-6238
-6169
-6033
-5753
-5485
-5296
-4996
-4631
-4132
-3505
-3081
-2952
-3370
-4373
-5119
-4700
-3490
-2448
-2292
-1961
-527
947
1624
1616
1590
1988
2091
1796
1092
371
98
394
1155
2272
2800
3344
4017
4777
5786
6568
7291
7543
7402
7281
7317
7310
7195
6787
6432
6193
6118
6146
5786
5331
4768
4547
4731
4683
4487
4256
4222
4530
4526
3970
3274
2946
2700
2887
3528
3785
4336
4884
5060
4979
4957
5076
4918
4486
3967
3275
2822
2559
2310
2281
2092
1539
692
-247
-1105
-1769
-2095
-2443
-2771
-3108
-3265
-3361
-3675
-4053
-4288
-4455
-4675
-4981
-4964
-4878
-4667
-4216
-4167
-4117
-4224
-4486
-4466
-4635
-4919
-5057
-5285
-5354
-5247
-5433
-5488
-5646
-5897
-6019
-6295
-6247
-5879
-5057
-4011
-3165
-2280
-1522
-994
-497
-144
273
593
1124
1525
1977
2689
3235
4061
5090
6163
6889
7398
7567
7251
6871
5851
4572
3725
3063
3052
3328
3316
3323
2910
1988
1028
57
-810
-1610
-2634
-3683
-4403
-4884
-5024
-4379
-3377
-2472
-1257
6
1081
1664
1606
1226
476
-428
-1167
-1424
-1007
-421
-86
292
393
232
-200
-1083
-1712
-2214
-2586
-3067
-3545
-3911
-4581
-5063
-5251
-5092
-3946
-2222
-610
712
1517
1623
1392
1217
781
348
-246
-1061
-1156
-630
377
1656
2652
3521
4428
5104
5504
5415
5054
4798
4710
4477
3808
2739
1794
1380
1534
1826
1677
1240
562
187
197
133
-76
-994
-2242
-2749
-2281
-877
361
572
73
-886
-2259
-3660
-4873
-5243
-4612
-3702
-2971
-2326
-1418
-36
1830
4023
6501
8606
9616
9402
8323
6423
4055
2099
318
-890
-1235
-1291
-1047
-791
-242
604
1175
1567
1699
1900
2112
1949
1614
1290
568
-592
-2384
-4814
-6771
-8541
-10163
-11314
-11867
-11814
-11071
-9781
-8670
-7440
-6175
-5130
-4043
-3246
-2098
-524
836
1981
3007
3698
3676
2840
1072
-1273
-3361
-4454
-4540
-3857
-2717
-1697
-806
195
1019
1809
2361
2366
2124
1652
1073
1017
1358
1247
765
-2
-455
-194
694
1876
2978
3752
3687
3065
2484
1796
880
-237
-1311
-1603
-1093
10
1493
2443
2789
2636
2498
2701
3135
3765
4061
4034
3763
2841
1709
849
253
-136
-307
-580
-774
-902
-1501
-1886
-1999
-1786
-1128
-434
180
713
1222
1834
2565
3098
3514
3528
3069
2784
2421
2033
1967
1974
2067
2240
2110
1639
1013
240
-651
-1242
-1540
-1382
-755
-98
905
1935
2850
3651
4138
4475
4652
4973
4994
4529
4046
3416
2681
2180
1392
429
-640
-1725
-2631
-2985
-3197
-3210
-2824
-2424
-1824
-1379
-964
-289
212
706
1202
1576
2021
2075
1773
1573
1410
1283
1037
556
61
-329
-695
-879
-764
-572
-278
313
766
957
1275
1285
1303
1374
1008
563
168
-304
-780
-1490
-2426
-3258
-3732
-4243
-4697
-5020
-5465
-5645
-5582
-5528
-5301
-5022
-4817
-4544
-4343
-4370
-4443
-4404
-4251
-4204
-4077
-3975
-4115
-4078
-4207
-4204
-4072
-3941
-3725
-3388
-3292
-3450
-3492
-3606
-3741
-3927
-4271
-4489
-4868
-5271
-5714
-6358
-7205
-8069
-8738
-9395
-10224
-10593
-10144
-8694
-5928
-3175
-1096
498
1658
3127
5075
7597
10821
14948
19534
23745
27134
28921
28711
26683
23407
19798
16930
14659
12693
11438
10181
8700
7152
5269
2967
781
-1578
-3687
-5120
-6173
-6636
-6923
-6979
-6849
-6765
-6301
-5926
-5862
-5362
-4784
-3763
-2460
-1248
346
1836
3373
4744
5925
6772
7267
7501
7449
7237
6894
6435
5957
5421
4521
3579
2495
1292
534
-456
-1437
-2109
-2629
-2850
-3013
-2953
-2895
-2727
-2433
-2248
-1834
-1627
-1600
-1639
-1929
-2115
-2041
-1607
-961
-351
92
662
1395
1807
2047
1933
1769
1849
1625
1105
297
-478
-996
-1452
-2082
-2938
-3670
-3668
-3331
-3254
-3741
-4337
-5063
-6374
-7839
-9157
-10195
-10986
-11782
-12268
-12514
-12805
-13021
-13010
-12660
-12298
-11806
-10994
-10371
-10036
-10044
-10838
-11744
-12349
-12418
-11847
-11364
-11052
-10780
-10478
-9785
-9168
-8811
-8068
-6788
-5527
-4730
-4258
-3594
-2347
-810
612
2181
3163
3911
4314
3788
3461
3385
3424
3800
4634
5883
7185
8453
9197
8945
7832
6135
4784
4732
5559
6235
6348
6335
6535
6023
4517
2724
1733
1637
1918
2786
3983
4859
4948
4773
5209
6241
7012
7231
7322
8173
9461
10444
10976
11113
10984
10758
10220
9737
9352
8719
7997
7161
5869
4212
2578
1507
1339
1521
1957
3642
5610
6332
6256
6027
5699
4496
2184
528
-111
-979
-2003
-2849
-3474
-3910
-3471
-3297
-4141
-4628
-4079
-2945
-1908
-834
849
2585
3629
4061
3572
1969
463
159
-186
-1261
-3094
-5206
-6026
-5302
-4423
-4180
-4089
-3440
-2698
-2048
-2054
-3855
-5693
-6049
-5161
-4240
-3321
-2623
-3194
-4885
-7284
-9127
-9243
-7427
-3937
-62
2973
4542
4942
4834
4740
4989
4947
3514
1011
-1317
-3661
-6723
-9849
-11034
-9055
-5590
-2180
140
949
1529
2815
3687
2651
344
-1739
-2829
-2598
-1588
-1141
-1390
-1518
-377
912
1341
1723
1625
1225
1064
77
-2036
-4364
-5524
-5523
-5988
-7128
-8091
-7287
-3937
1314
6260
8412
7819
6439
5625
6047
7151
8291
8435
7668
7404
7037
5866
4938
4337
2769
653
-1444
-3185
-4282
-5095
-6057
-6688
-6257
-4655
-3004
-2730
-3745
-4623
-4932
-5169
-5787
-6336
-5674
-4305
-3294
-2694
-1760
-248
995
1245
7
-1606
-1055
1778
4792
6899
7609
6811
4965
3207
2840
4041
6327
7946
7558
6104
5396
5522
5083
3380
2065
2341
3212
3341
2535
920
-1212
-3793
-6024
-6414
-4672
-2047
-62
464
-202
-1336
-1977
-1995
-1260
-106
-710
-2467
-3095
-2677
-2321
-1898
-630
1898
4305
5552
6277
7245
7598
6714
4633
1235
-2123
-4103
-3371
-1330
-1560
-3720
-5483
-6023
-5130
-2832
7
2682
5530
6712
4666
1392
-1271
-2452
-2351
-1355
-491
-754
-877
51
1347
2416
2084
-662
-4247
-5014
-2771
-542
12
292
1579
2356
1111
-1394
-3784
-4608
-3012
-504
1241
2161
3782
5795
5437
3078
1356
709
-285
-3014
-6458
-7194
-4574
-1203
1823
3121
2246
645
-371
397
2097
3509
2936
309
-2330
-3851
-4084
-3297
-2085
-1607
-2539
-4726
-6492
-5850
-3286
-1789
-2407
-3940
-5110
-4979
-3652
-1738
-158
1206
3118
6449
10687
13838
14323
12684
11265
10279
8940
7318
5004
1516
-2122
-4465
-6104
-6428
-4206
-1489
-660
-757
-1885
-4230
-5032
-3752
-2312
-2585
-5625
-8708
-9718
-9378
-7360
-4599
-2975
-2236
-1146
-788
-1522
-1385
-181
2388
6097
7770
6105
4433
3980
4112
5141
5674
4284
2289
897
-774
-2944
-3634
539
7221
9779
7897
6350
7871
9705
7902
2456
-2777
-4393
-4771
-6850
-9049
-8127
-4075
-557
709
1269
1943
1134
-1168
-2675
-2865
-3371
-4573
-5396
-4623
-3297
-2844
-3117
-3296
-2715
-1479
510
3361
5182
5266
5074
4877
4163
2334
-390
-2922
-4057
-3382
-1949
656
4255
5225
1716
-3491
-6181
-5424
-4684
-5767
-6983
-6238
-4538
-2454
1293
6867
12228
14923
14041
10114
6206
4689
3345
1309
166
-977
-2836
-5471
-7821
-7746
-4790
-1385
-152
-1674
-4442
-7006
-7897
-5687
-1850
1119
1176
-1252
-3374
-3620
-2387
-2775
-4916
-5046
-2616
-58
697
936
2941
5957
7541
5965
2059
-1124
-987
1917
5014
7065
7702
6686
4334
1326
-1447
-3130
-3192
-1227
1937
4268
4270
2671
1848
1696
585
-1439
-3594
-6172
-9387
-12106
-13133
-12504
-11585
-11416
-11635
-11666
-11479
-10930
-10338
-8723
-5716
-2553
546
3653
6402
8644
10485
11930
12969
14775
17131
18096
17743
16223
13951
11151
7594
4681
3472
3142
2264
722
-669
-945
-51
770
200
-1575
-2973
-3110
-2522
-2024
-2034
-2316
-1687
450
2529
3640
3952
4009
3725
2345
508
-1348
-2985
-3629
-4137
-5786
-7867
-9882
-11238
-10600
-8512
-6838
-6468
-6339
-6249
-7364
-9992
-12754
-13085
-10136
-6231
-3671
-2994
-2445
-479
2328
4706
5509
4483
3059
2863
3397
4068
4881
5684
6291
6396
6386
6345
5316
3067
-327
-3171
-3708
-2346
-845
-27
271
470
1428
1945
1120
194
-476
-2023
-4086
-5827
-6824
-6486
-5650
-4334
-2660
-759
1636
4245
7277
9099
7799
3990
803
833
1963
1780
724
-174
975
1994
3096
5179
6783
7371
6794
5591
3900
2893
3079
3687
3651
3625
3810
3470
2487
1173
147
-661
-1558
-3409
-6078
-8393
-9501
-9583
-8893
-6599
-3588
-1903
-1404
-446
901
1509
1474
1323
1721
2963
4268
4685
4526
3811
1962
-620
-2736
-4148
-5502
-6273
-4871
-1905
1008
2815
1837
-852
-2280
-1312
570
1174
512
-418
-360
672
2694
4431
4805
3750
1480
-301
-747
-327
-519
-1878
-3161
-4002
-4616
-5058
-5807
-6373
-5915
-4523
-3154
-1784
-244
1606
3071
3708
3894
3565
3165
2741
2519
1960
1057
1017
1285
1236
880
-62
-1183
-1363
-303
69
-1116
-2516
-3162
-2002
61
944
369
-1228
-2253
-2269
-2652
-3262
-3527
-3336
-2956
-2671
-2913
-3299
-2004
381
1468
520
-746
-1264
-967
378
1598
1829
1440
1038
-149
-2577
-4215
-2878
-55
1602
2269
1171
-993
-2084
-1884
-844
-131
-338
-721
28
1654
2583
3675
5616
7316
7586
6483
5820
6286
6304
4857
3293
2827
3483
5375
7806
9646
10321
10437
10738
10782
10088
9717
10128
11106
13145
17016
22584
27405
29036
25724
16507
3026
-10244
-19792
-26134
-31323
-32763
-32756
-32765
-32768
-32764
-32768
-32764
-32768
-32747
-32213
-29308
-23764
-18889
-15132
-11409
-7395
-2194
3696
9312
14299
18641
22664
26362
29075
30091
29667
28280
26175
23886
21562
19363
17079
14861
12657
10362
8703
7769
6616
5223
3752
2092
570
-1049
-2497
-3891
-5095
-5965
-6276
-5984
-5377
-4467
-3553
-3042
-2629
-2030
-1593
-1460
-1531
-1544
-1332
-787
-252
-71
-150
-291
-515
-501
-254
204
1024
1839
2261
2410
2525
2234
1773
1203
438
-193
-726
-1113
-1617
-2327
-2936
-3514
-3943
-4477
-5203
-6028
-6586
-6449
-5831
-5263
-4754
-4461
-3893
-3546
-3701
-3560
-3030
-2411
-2297
-2659
-3100
-3160
-2626
-1920
-1781
-1728
-1299
-15
1363
2183
2670
3152
4198
5192
5653
5898
6101
6450
6770
6574
5855
4641
3426
2345
1140
-47
-1177
-1786
-1858
-1746
-1526
-1314
-591
568
1539
2403
3166
3858
4389
4825
5013
4937
4810
4588
4406
4214
3897
3563
3232
3020
2966
2981
2999
3151
3111
2928
2680
2094
1773
1700
1547
1531
1473
1057
994
1080
1187
1377
1293
1102
1022
855
931
917
557
559
731
958
932
815
531
333
203
-347
-1576
-2666
-2951
-2563
-1764
-1034
-332
-237
-593
-1220
-2089
-2897
-3217
-3200
-3106
-2539
-1766
-1384
-888
-529
-744
-791
-896
-906
-858
-1036
-961
-731
-496
-280
-215
53
241
468
605
656
752
701
486
265
198
111
-266
-565
-744
-989
-992
-998
-1251
-1462
-1615
-1859
-1921
-2041
-2041
-1917
-2114
-2383
-2280
-2259
-2246
-2149
-2178
-1908
-1563
-1393
-1334
-1405
-1324
-1181
-1211
-1155
-1240
-1322
-1347
-1368
-1142
-1047
-779
-324
45
383
423
488
727
969
1080
1093
1133
1377
1504
1623
1482
1183
1019
780
666
649
1003
1085
929
1046
959
940
1057
1229
1418
1493
1444
1467
1182
1023
1096
943
911
887
926
805
640
646
478
484
511
363
279
226
202
66
-38
-249
-485
-429
-553
-550
-665
-531
-249
-18
-79
-332
-420
-348
-335
-621
-735
-994
-1199
-1429
-1707
-1792
-1960
-1976
-2071
-2351
-2469
-2486
-2499
-2412
-2315
-2411
-2671
-3238
-3800
-3984
-4360
-4745
-5326
-6072
-6626
-7330
-7761
-8113
-8452
-8783
-8973
-8939
-8734
-8441
-8122
-7721
-7295
-6926
-6721
-6454
-6219
-6012
-5664
-5378
-5256
-4995
-4471
-3990
-3443
-2997
-2473
-1905
-1363
-978
-260
653
1098
1842
2551
3302
4344
5083
5833
6573
7396
8238
8908
9195
9193
9339
9545
9881
9965
9551
9064
8834
8821
8876
8724
8419
7951
7603
7344
7149
7205
7233
7432
7711
7680
7661
7371
7150
6789
6201
5724
5142
4615
4095
3338
2733
2177
1613
1305
1014
768
578
217
-159
-613
-978
-994
-1203
-1492
-1597
-1651
-1468
-1305
-1830
-2383
-2903
-3452
-3824
-4493
-5218
-5403
-5828
-6559
-6795
-7123
-7107
-6786
-7028
-7254
-7405
-7270
-6795
-6112
-5315
-5056
-4796
-4294
-3878
-3450
-3026
-2498
-1864
-1214
-930
-829
-728
-599
-310
-35
-10
-8
169
341
419
516
197
-295
-671
-1086
-1351
-1336
-1118
-920
-846
-978
-1235
-1513
-1679
-1854
-1906
-2002
-1973
-1568
-1273
-1122
-609
-76
495
1112
1544
1981
2380
2782
2939
3258
3450
3400
3515
3241
2698
2622
2473
2131
1864
1218
798
549
196
-59
-41
460
939
1241
1077
341
-451
-1388
-2062
-2556
-2913
-2799
-2444
-1914
-1581
-1301
-1170
-916
-790
-995
-1543
-2136
-2311
-2499
-2491
-2163
-1807
-1108
-136
1151
2592
3678
4156
4384
4281
3504
2469
1397
524
437
740
1249
1910
1976
1789
1519
1303
1038
678
75
-836
-871
-379
317
759
285
-610
-1650
-2819
-3971
-4962
-5133
-4139
-2192
-44
1699
3012
3908
4446
4709
4289
3585
3215
3051
3346
3619
3963
4275
4040
3362
2228
1284
235
-802
-1299
-1146
-824
-462
328
1306
1786
1221
254
-465
-695
-764
-631
-720
-1398
-2064
-2271
-1774
-1342
-832
-20
1426
3531
5877
8211
10129
11284
11909
12012
11155
9491
6716
3455
591
-1469
-2974
-4749
-6987
-9167
-10280
-10146
-8902
-6732
-4481
-2631
-1447
-1172
-1529
-2349
-2820
-2706
-2438
-2170
-2268
-2444
-2223
-1606
-1223
-1472
-2072
-2897
-3245
-2652
-1665
-734
-408
-635
-945
-950
-456
-146
-464
-952
-1210
-1514
-1552
-1582
-1573
-1589
-1810
-2018
-1884
-1580
-1373
-820
-362
-516
-965
-1746
-2362
-2198
-1763
-1398
-1430
-1958
-2467
-2834
-3517
-4438
-5229
-5254
-4855
-4070
-3326
-2911
-2119
-711
1139
2640
3091
2912
2174
1350
984
595
60
-526
-1145
-1919
-2220
-1941
-1364
-546
-64
296
612
1065
1878
2651
3298
3505
2932
2060
1237
830
757
925
999
969
657
243
408
753
968
1253
1394
1631
2433
3329
4140
4971
5524
6002
6242
5975
5463
5003
4675
4401
3969
3230
2261
1558
1107
743
384
-15
-507
-870
-1076
-1205
-1052
-613
-398
-319
-33
334
694
1006
893
580
221
-414
-1097
-1500
-2171
-2663
-2514
-2624
-2191
-1799
-1432
-835
-328
43
173
528
1130
1596
1612
1629
1697
1955
2093
1901
1751
1372
1066
932
743
492
205
-8
-32
-256
-707
-1148
-1422
-1617
-1918
-2157
-2335
-2411
-2307
-2317
-2334
-2172
-1967
-1440
-535
325
863
1185
1429
1432
1572
1592
1566
1648
1439
1261
941
686
352
-207
-781
-1890
-2796
-3303
-3927
-4205
-4453
-4729
-4634
-4878
-5081
-4902
-4749
-4706
-4549
-4685
-4583
-3884
-3092
-2142
-1235
-740
-355
175
500
549
434
100
-303
-793
-1355
-2003
-2765
-3385
-3848
-4449
-5264
-5592
-5448
-5057
-4723
-4899
-4777
-4719
-4804
-5413
-6671
-7915
-8661
-8163
-6627
-4491
-2250
381
3715
7603
11514
15077
18180
20515
22269
23063
22430
20369
17150
13397
9880
7010
4549
2791
1280
-464
-2207
-3745
-5206
-6295
-7074
-7406
-7284
-6774
-5798
-4703
-2987
-1366
64
1435
2420
3538
4720
5703
6549
6934
7309
7427
7401
7549
7480
7528
7598
7377
6925
6742
6501
6271
5938
5108
4192
3242
2031
780
-872
-2774
-4412
-5778
-6777
-7450
-8015
-8307
-8426
-8338
-8065
-7945
-7795
-7583
-6802
-5632
-4624
-3207
-1604
16
1646
2784
3691
4987
6433
7972
9159
9746
9902
10048
9855
9166
8245
7630
7558
7607
7421
6960
6003
4357
2474
383
-1752
-3982
-6096
-8083
-9891
-11281
-12465
-13550
-14537
-15196
-14896
-13808
-12870
-12368
-12351
-12145
-11784
-11730
-11959
-12264
-11995
-11247
-10885
-11303
-12481
-13834
-14709
-15038
-14576
-13549
-11466
-9064
-7436
-6446
-5904
-5795
-5824
-5588
-4839
-3566
-2570
-2162
-1889
-1223
-140
955
1750
1930
1316
646
929
1440
1556
1412
1316
2172
3525
5151
6926
8900
11130
12532
12754
12536
11874
11316
10632
9724
8699
7566
7078
6627
5616
4691
4384
4454
4733
5006
5749
7005
7925
8170
7933
7530
7257
7397
7029
6802
6956
7071
7388
7603
7347
7055
6864
6222
5081
3913
2534
1255
562
-173
-1101
-1620
-1528
-358
910
933
450
440
-123
-1376
-2064
-2541
-4060
-5355
-5127
-3689
-1865
-1301
-564
2359
5617
6537
5305
3316
767
-1999
-4066
-4763
-3763
-2062
-810
-144
-528
-1252
-1898
-2665
-3773
-5002
-5849
-6455
-6572
-6896
-7169
-6692
-5159
-3663
-2877
-1951
-699
-69
387
1609
1861
109
-2128
-3578
-3845
-2050
1398
4324
5386
5288
3771
450
-3496
-5825
-5445
-4063
-2796
-1859
-1721
-1558
-988
-574
-827
-1338
-1285
-1067
-1289
-1466
-1820
-2861
-4109
-4227
-3647
-4260
-5524
-6132
-5738
-4416
-2737
-1907
-1769
-1213
-515
-454
-1177
-2341
-3718
-4765
-4147
-1317
1892
4059
5313
6191
6692
6238
5766
6073
6618
6654
6314
5704
4407
2975
2040
1520
1097
582
-174
-1654
-2888
-2812
-1730
-1365
-1793
-1154
211
1883
3761
4363
3249
1550
522
104
-201
-487
-275
293
605
433
-274
-823
-449
798
2152
3397
4523
5398
5837
4481
1759
-143
-336
1190
3089
3544
2111
-1306
-5290
-7786
-7478
-5076
-3304
-3054
-2505
-1091
-101
409
1576
3251
4713
5581
5367
4527
2327
-1383
-3868
-3867
-2811
-2430
-2607
-1328
1960
4184
3663
1583
39
-1389
-4112
-6673
-7671
-6468
-3982
-2130
-1340
-2682
-5804
-6614
-3664
-427
911
3177
6749
8351
7154
3915
683
-925
-1024
85
1548
2656
3396
4844
6288
5833
4216
3640
3621
2838
1009
-1484
-3445
-4045
-3701
-3206
-2812
-2685
-2857
-3167
-3975
-4495
-3844
-2291
-66
2211
4095
6172
8199
8721
7651
5735
3325
1477
-69
-2315
-4252
-4448
-4750
-6315
-6549
-4918
-4207
-4537
-3156
-649
510
-288
-3062
-6122
-5885
-3137
-1181
-821
-648
747
2746
3847
2964
154
-2298
-1760
791
2148
1350
-670
-3414
-5477
-4789
-2343
96
2823
6119
7770
7014
5670
5131
6157
8024
8717
7395
5820
4022
1864
-149
-2349
-5381
-9388
-11075
-8952
-4426
847
4013
4322
2221
-1328
-4100
-4448
-1318
4416
9107
10012
7535
4022
131
-3809
-6334
-5977
-4878
-4777
-4207
-1892
1021
1949
-736
-5553
-9145
-10257
-10276
-10304
-9042
-5239
-172
3611
4916
5779
8398
10105
8779
7420
8069
9569
9932
6745
-212
-6520
-9884
-11154
-10896
-8761
-5220
-947
2932
4612
4165
3635
4558
7484
11060
12404
10388
7098
3718
388
-2581
-4781
-5759
-6778
-7964
-8250
-6343
-3103
-1784
-2502
-2540
-747
540
-864
-3837
-5569
-5793
-5165
-4217
-3979
-5288
-6794
-5848
-2511
1155
3198
3430
3159
2134
-702
-4426
-6829
-6250
-3022
1531
5659
8875
11077
12684
14827
15961
12733
4765
-3045
-5225
-1585
3049
4443
1737
-3833
-9220
-11350
-9950
-6653
-2871
-603
237
1712
3448
4383
4836
5623
7112
8691
8514
6088
2739
-70
-2049
-3913
-7624
-11893
-12997
-11882
-10731
-9100
-6851
-4074
-938
1565
2523
1228
-1409
-4335
-6121
-4632
-1848
-1037
-1138
1485
6604
9903
8709
6179
6863
10197
10205
5469
89
-3102
-4375
-5269
-5406
-5391
-6271
-7715
-7618
-4930
-2243
-1186
-524
2003
5172
5626
4775
4393
3542
3221
3859
4304
3502
796
-2139
-3591
-4190
-3808
30
6386
9751
7621
3634
1073
-1091
-5742
-11236
-11418
-5522
1062
3539
1771
-1447
-3610
-3998
-3391
-1760
-26
903
938
454
321
429
580
1442
2704
3893
5342
6055
3879
-535
-4481
-5169
-2150
1298
3387
4195
4056
2822
158
-2220
-1120
3068
6068
6601
6434
5012
1561
-2757
-5085
-3113
1306
5546
9187
11324
9039
1888
-7086
-13180
-14146
-13330
-12848
-10901
-5326
2048
6815
7813
7706
8869
9305
7004
4015
2354
1588
-402
-3696
-4933
-3213
-1586
-2377
-4718
-6176
-6555
-6956
-6524
-4595
-2433
-1117
52
2326
6260
9060
7826
5012
4075
3324
823
-1938
-3774
-5388
-7167
-8204
-8274
-7113
-5156
-4986
-7000
-8628
-7996
-6135
-5059
-3293
730
4358
6375
6344
4692
2991
2198
2664
3326
3536
4211
4749
4251
2700
1898
3613
5901
6701
5976
4966
4389
3659
2681
1843
1301
1413
2194
3206
4007
3397
1982
968
247
-468
-1156
-1811
-2935
-4441
-5579
-6212
-5760
-3551
-557
1272
1569
923
22
-311
-357
-536
-496
-699
-2142
-3462
-2863
-774
1410
2671
2936
2708
2435
1442
-56
-1145
-1710
-2177
-2998
-3626
-4153
-4992
-5745
-6582
-7410
-7056
-5042
-3123
-3079
-3597
-2838
-597
1434
1676
559
-633
-1222
-1230
-710
-270
-1183
-3358
-5267
-7216
-9079
-8717
-6004
-2947
-1817
-2830
-3833
-3676
-2717
-2259
-2164
-1340
832
3588
5662
7735
8890
7654
5316
3512
2173
624
-307
34
984
1824
2953
4830
7112
9000
9780
8939
6508
3839
1874
730
916
2007
3106
3578
3597
3998
4232
3418
1289
-1078
-3292
-5052
-5172
-4073
-2829
-2383
-2409
-1991
-1365
-921
-253
1344
4140
7475
10222
11609
11586
11684
12787
14410
17026
21953
28508
32746
32328
31337
25341
8524
-9071
-19664
-25898
-29425
-32502
-32766
-32768
-32763
-32768
-32753
-32502
-30371
-25947
-22654
-20592
-17697
-14565
-11134
-7788
-5023
-2597
167
3661
7244
10723
14035
17667
21391
23858
24773
24052
22343
20009
16949
13496
10095
7692
6286
4779
3163
1845
1279
1231
1008
497
-309
-1203
-1882
-2240
-2838
-3615
-4195
-4637
-4675
-4421
-4298
-3661
-2821
-1784
-617
539
1586
2010
1813
1150
609
285
469
1093
1639
2128
2937
4128
5016
5802
6024
5728
5456
4825
4140
3281
2335
1711
1465
1102
447
-367
-1626
-3168
-4362
-5326
-6221
-6941
-7856
-8377
-8387
-8208
-7901
-7598
-6820
-6039
-5736
-5622
-5649
-5574
-5350
-5617
-6095
-6388
-5892
-4831
-3698
-3030
-3009
-3175
-2921
-1446
300
1274
1699
1870
2434
3362
3918
4169
4123
4222
4577
4897
5089
5255
5389
5407
5375
5330
5468
5623
5865
5929
5684
5387
5138
4926
4870
4630
4164
4049
4100
3871
3411
2862
2448
2050
1904
1813
1698
1567
1293
1086
1103
1185
1185
1490
2057
2519
2889
3311
3654
3629
3364
3004
2805
2606
2417
2514
2518
2414
2571
2554
2452
2447
2474
2288
2309
2293
1992
1972
1729
1132
635
286
-21
-689
-1747
-2198
-2377
-2863
-3529
-4049
-4424
-4932
-4750
-3944
-3016
-2214
-2192
-2501
-3095
-3888
-4508
-4966
-5133
-5123
-5095
-4795
-4181
-3274
-2126
-1532
-1416
-1444
-1431
-1127
-641
-526
-608
-571
-461
-394
-341
-594
-761
-822
-903
-740
-622
-503
-678
-916
-1232
-1515
-1389
-1403
-1668
-1723
-1770
-1825
-1567
-1347
-1257
-1203
-957
-773
-651
-680
-809
-798
-594
-487
-595
-648
-808
-718
-716
-936
-894
-904
-795
-578
-587
-603
-390
-202
59
340
680
1134
1558
1853
2056
2133
2214
2296
2217
2140
1828
1720
1914
1836
1712
1444
1419
1640
1604
1471
1217
975
989
859
641
408
303
344
217
183
191
37
-159
-405
-589
-696
-583
-427
-701
-759
-655
-667
-507
-522
-395
-257
-266
-398
-524
-543
-505
-407
-436
-613
-701
-532
-114
83
-1
-41
12
265
266
362
397
319
530
603
735
1131
1382
1551
1762
1754
1722
1565
1636
1670
1315
890
410
-10
-528
-1249
-2360
-3314
-3948
-4741
-5478
-6342
-7163
-7652
-8097
-8566
-8987
-9310
-9515
-9531
-9510
-9533
-9510
-9395
-9120
-8792
-8545
-8310
-8026
-7773
-7657
-7092
-6471
-5771
-4914
-4369
-3743
-3260
-2687
-2183
-1824
-1323
-852
-94
769
1380
2299
3305
4161
5116
6037
6908
7868
8778
9742
10546
11177
11780
12223
12400
12246
11860
11605
11299
11157
10946
10395
10007
9615
9155
8809
8392
7782
7395
7137
6851
6720
6648
6600
6367
6203
5812
5196
4750
4010
3100
2468
1796
1189
615
120
-168
-440
-726
-1025
-1335
-1861
-2199
-2423
-2542
-2774
-3062
-3299
-3680
-4228
-4670
-5086
-5505
-5717
-6285
-6727
-6784
-6861
-7010
-6851
-6410
-6155
-5753
-5535
-5749
-5710
-5416
-5230
-4969
-4924
-4872
-4388
-3911
-3039
-2234
-1837
-1428
-1175
-916
-468
-129
198
185
90
-34
-305
-345
-360
-338
-114
141
103
-61
-223
-428
-667
-978
-1086
-1133
-791
-402
-87
54
-109
-316
-716
-1069
-1373
-1573
-1496
-1362
-1138
-1368
-1728
-1651
-1436
-978
-378
181
758
1315
1740
1961
1897
1476
1104
721
512
764
1074
1341
1743
2107
2719
3148
3190
3294
3365
3598
3815
3679
3467
3318
3266
2924
2459
1884
1139
639
176
-253
-570
-870
-590
-332
-673
-1190
-1931
-2380
-2555
-3019
-3445
-3491
-3190
-2659
-2052
-1478
-838
-78
698
1349
2019
2411
2395
2420
2128
1560
1202
863
531
258
-6
-110
-344
-709
-1063
-1090
-1113
-1076
-940
-1282
-1624
-1845
-2046
-1877
-1218
-516
167
759
1240
1683
1741
1829
1623
951
236
-819
-1962
-2812
-3673
-4607
-5276
-5596
-5510
-4965
-4406
-3373
-1883
-219
1293
2146
2583
2620
2844
2841
2601
2400
1858
1541
927
-128
-786
-1070
-1034
-1054
-1514
-2075
-2175
-1505
-481
490
1290
1905
2759
3430
3989
4161
3940
3592
3400
3248
2856
1865
735
174
197
828
1631
2188
2598
2321
1717
916
-231
-1201
-1823
-1873
-1385
-383
787
1452
1768
1925
2142
2202
1786
1059
189
-555
-970
-908
-442
438
1489
2462
2955
2685
2232
1709
1507
1744
2225
2713
3384
4027
4153
3927
3369
2756
2087
829
-361
-1167
-1792
-1745
-1537
-1645
-2127
-3031
-3753
-4252
-4605
-4358
-3208
-1698
-6
1897
3315
3496
3240
3010
2924
2950
2567
1836
1299
285
-1489
-3181
-4699
-5616
-5673
-5025
-3882
-2655
-1676
-1011
-298
901
2210
3499
4493
4559
4405
4178
3661
3345
3021
2240
1007
-404
-1945
-3197
-3870
-4350
-4973
-5705
-6227
-6463
-6635
-6623
-6812
-7082
-6715
-5857
-4844
-4131
-3927
-3640
-3450
-3298
-2826
-2247
-1394
-523
-217
26
136
96
180
103
-248
-715
-1024
-1177
-906
-73
1045
2036
2689
3092
3324
3282
3137
2796
2502
2440
1957
1363
650
135
-13
-69
-10
86
546
1248
1594
1911
2514
2809
3105
3403
3131
2898
2548
1999
1466
978
386
-129
-509
-742
-860
-822
-595
-277
-249
-91
255
449
578
504
958
1543
1832
2021
2007
1944
1674
1455
1311
1030
984
835
195
-136
-277
-310
-182
-596
-884
-1069
-1052
-1002
-1053
-1187
-1210
-791
-783
-1219
-1467
-1565
-1303
-1199
-1194
-883
-730
-409
104
302
317
496
631
592
445
-10
-350
-356
-449
-550
-411
-302
-232
-226
-269
-147
154
446
424
671
914
813
980
1064
778
798
709
443
252
-5
-282
-539
-592
-607
-565
-758
-835
-351
124
235
242
521
877
1306
1621
1519
1355
1226
1238
1313
1148
777
704
544
412
460
113
-181
-175
-512
-1253
-1758
-2092
-2377
-2744
-3095
-3546
-3771
-3993
-4234
-4274
-4120
-3934
-3875
-3650
-3136
-2674
-2158
-1784
-1477
-1081
-740
-523
-387
-400
-682
-899
-1370
-1921
-2179
-2341
-2661
-3261
-3717
-4069
-3914
-4051
-4491
-4711
-5268
-6119
-6932
-7347
-7847
-8236
-8171
-7930
-7358
-6632
-5876
-4830
-3963
-3377
-2500
-781
2371
6807
11941
16476
19423
20312
19455
18044
16361
14365
12638
11687
11129
10575
9406
7952
6378
4717
3054
1037
-1400
-4000
-5971
-7210
-7844
-7795
-7445
-6731
-5461
-3813
-2069
-229
1655
3215
4520
6024
7359
8528
9339
10034
10990
11642
12272
12594
12643
12354
11645
11029
10295
9433
8693
7786
6383
4495
2564
450
-1813
-3851
-6044
-8367
-10448
-12186
-13355
-13825
-13973
-13826
-13478
-12900
-12147
-11427
-10610
-9961
-9095
-8057
-7211
-5838
-4115
-2244
43
2429
4828
6857
8439
9578
10306
11175
12053
12558
12773
12590
12198
10931
9566
8126
6487
4911
2771
355
-1891
-3785
-5413
-7086
-8757
-9897
-10868
-11993
-13528
-15360
-16809
-17434
-17180
-16413
-15188
-14099
-13234
-11791
-9937
-8658
-8441
-8652
-8823
-9234
-9419
-9028
-8415
-7532
-6985
-6984
-7658
-8280
-7965
-6733
-5074
-3960
-3674
-3544
-3206
-2873
-2858
-3096
-3067
-2901
-2614
-2715
-3071
-2989
-2342
-580
1114
2064
3070
4613
6296
7999
9162
9727
9528
8650
7842
7140
6957
7258
7799
8077
8032
7981
8024
7359
6267
5253
4332
3937
3814
3930
4293
4083
2921
1967
1345
924
1613
3498
5243
6409
7433
8202
9567
11722
13332
13732
13201
11522
9533
7700
4763
1825
704
1001
970
135
-1265
-2043
-949
777
2182
3821
5845
7755
8294
7718
7106
6463
4985
2611
506
-1258
-3034
-4101
-4865
-6305
-8022
-9503
-10931
-11550
-10513
-8546
-7531
-6831
-5531
-4456
-4017
-3391
-2548
-2572
-3296
-4142
-4612
-4557
-4412
-4238
-2791
-298
1131
68
-2158
-3425
-3506
-2379
-230
1858
3574
4766
4545
2568
-471
-3039
-3516
-2690
-2516
-2738
-1690
72
800
242
-1500
-3835
-4933
-4054
-3119
-3472
-4828
-6081
-4382
-1132
-335
-940
-101
2741
5322
5646
4486
3422
3715
5355
6759
6094
4302
3533
2475
-295
-2424
-1962
-339
490
135
-1651
-5145
-8456
-10059
-9205
-6531
-4197
-2043
184
856
-325
-1184
-544
1355
3763
5065
4118
3029
3464
3524
1540
-1734
-3568
-4037
-4122
-2465
83
1083
357
-428
-47
349
35
-207
-361
-819
-1071
145
2701
4635
5253
6447
8508
8892
7912
7583
7580
8330
9142
8566
8131
8479
7886
5807
2552
-889
-4425
-7266
-8530
-7049
-2957
-1054
-2679
-5090
-8335
-11253
-9692
-4545
-1240
-1292
-3117
-4398
-4224
-2940
-785
-637
-3683
-5803
-3835
256
2960
3530
3568
4094
3966
3571
4228
5274
4839
3549
3372
3210
1580
-2020
-7264
-9933
-7398
-5479
-6400
-6225
-4291
-1299
912
750
910
3782
8101
11405
11408
8748
4802
822
-1705
-2333
-1877
-815
449
1067
1746
2997
3702
3331
1734
-1295
-4295
-5719
-7281
-9041
-10082
-10572
-9995
-8647
-6538
-3318
-831
701
3487
6343
6687
5317
4160
2707
1201
1245
2355
2348
869
-151
314
1796
2564
2735
2997
2094
578
-241
-1133
-2068
-3355
-5606
-7078
-6345
-3633
-794
1500
4520
7399
8166
7495
7220
8031
9071
9300
8320
5429
334
-5637
-10319
-13119
-14860
-15344
-13475
-9628
-6457
-4294
-180
4042
2661
-1673
-3088
-1599
-49
380
1271
2622
3023
3489
4231
3437
2104
3734
7055
7879
5799
3079
1791
3881
8406
9838
5626
1057
2337
7975
10937
8754
4265
790
-50
-85
-1787
-3880
-5517
-6440
-6303
-7224
-9040
-10208
-11687
-13546
-12925
-9972
-7447
-6616
-8938
-11492
-7757
-151
5643
7061
4507
3414
6190
9417
10785
10686
9076
5479
1349
-796
-115
1370
-60
-3703
-6021
-6376
-4392
-1241
-337
-860
1200
4823
5642
4952
5668
6915
7459
6791
4788
2759
1227
-2347
-6078
-6655
-5962
-5440
-3593
260
3772
2330
-4439
-11889
-16796
-17304
-13553
-8179
-2857
3398
9568
12356
10499
6162
2539
634
1066
3068
3274
1642
1925
3780
3251
1651
3608
7518
8259
6110
4789
5424
5702
3445
140
-3582
-6605
-6357
-4876
-5036
-6918
-9203
-9441
-7199
-5531
-6296
-8021
-9705
-11081
-9645
-3018
5335
10839
13409
14063
13560
13322
12407
9334
5615
3970
3500
2647
663
-2037
-2790
-1737
-1643
-2412
-3078
-4390
-3759
1984
7918
8671
4833
-1919
-8432
-12005
-12036
-7421
-2078
-917
-2281
-3645
-5414
-7165
-7002
-3744
569
3172
3951
3712
2081
1942
4389
5194
3852
1758
31
-1210
-2677
-3399
-2525
-605
998
368
-575
1732
5123
5908
3200
-1934
-6270
-7747
-7233
-5941
-4526
-1656
2615
5132
4394
2619
2327
3478
4147
2541
-651
-3891
-6364
-7169
-6573
-5105
-3670
-2523
-158
2714
4739
6524
7823
7729
4823
-1026
-5399
-5434
-3778
-1896
648
2924
5049
4979
519
-4703
-7365
-8658
-9049
-8143
-7091
-6323
-4632
-2675
-1591
82
2283
4058
5222
5323
4464
4636
6672
8933
9943
10602
11748
11961
12082
12740
12140
8697
4564
2047
189
-937
-1666
-3525
-5551
-6129
-6588
-7350
-7279
-6747
-6861
-6283
-3602
1183
6468
9146
8894
7966
7388
5934
3959
2944
2474
3029
4637
4603
1737
-2302
-5880
-7718
-8384
-10326
-13221
-14706
-13499
-10992
-8827
-6977
-4455
-2317
-1974
-2329
-2206
-3196
-4950
-5091
-5035
-5405
-3834
114
4245
6189
5478
3647
1194
-1794
-3258
-3205
-3431
-4196
-4894
-3881
-1522
-254
1143
3526
5135
5090
5029
5904
6856
8155
9530
9073
6262
3837
3341
2587
1098
1127
939
-480
-1109
-598
-639
-1267
-1279
-2236
-3895
-4821
-4796
-3355
-1771
-1435
-1384
-1376
-1207
-151
237
230
573
596
-100
-538
456
1794
1252
-1082
-2167
-506
1499
2498
3380
3910
4306
3788
1690
-761
-1397
-780
-243
450
1079
1412
851
-407
-1545
-3180
-4679
-4515
-3505
-2763
-2936
-3546
-2995
-1247
718
1397
15
-2373
-3306
-2336
-873
303
609
-42
-1428
-3638
-4966
-3875
-2310
-2078
-1928
-1315
-735
-355
-50
1005
3922
7051
7973
6892
4482
2602
2290
1309
-1755
-5299
-7794
-9480
-10598
-10132
-8997
-8745
-7831
-5208
-2877
-2795
-3684
-4063
-4204
-2023
1611
3090
3487
4048
4490
4769
3977
2326
2013
3338
3767
2741
1688
440
113
1296
2651
3681
4524
5177
5135
3984
3584
4897
6284
6166
6019
6797
8528
10482
10846
9846
8493
7173
6464
7303
8801
10132
13447
20025
27565
32341
32498
30384
23535
10762
-2447
-14518
-24398
-30762
-32768
-32744
-32768
-32768
-32762
-32768
-32766
-32736
-32121
-29566
-25653
-21745
-17516
-13260
-9154
-4738
-63
4371
8520
12104
15712
19399
22525
24455
24792
24289
23196
20799
16897
12946
9428
6515
4808
4113
3747
2871
1678
1327
1508
2058
2625
2510
1997
724
-881
-1524
-1100
-341
632
827
805
1767
2498
3586
5244
6181
6558
6726
5972
4815
3498
1987
949
53
-330
-499
-1214
-1206
-479
33
841
1386
1646
2478
2980
2462
1845
1286
462
-483
-1775
-2936
-2852
-2580
-3602
-4808
-5442
-5422
-4742
-4576
-5507
-6188
-5544
-4818
-5048
-5752
-6411
-6671
-6237
-5893
-5555
-4755
-3811
-3619
-3807
-3191
-2061
-1347
-1534
-2123
-2857
-3079
-2281
-1630
-1566
-1525
-1370
-1232
-236
1739
3321
4249
4524
4331
4467
4474
4298
3975
3121
2399
2890
4344
5255
5475
5512
4975
4608
5090
5484
5746
6260
6498
6195
5635
5465
4935
3499
2227
1276
693
41
-1143
-1927
-1602
-776
-572
-973
-1627
-2189
-2354
-2320
-1893
-1037
137
1539
2059
2530
2598
1500
822
1148
1527
1239
1219
2326
3637
4850
6147
7015
7022
6276
5882
5827
5204
4253
3056
2336
2102
2202
2824
3199
3250
2662
805
-1028
-1454
-1166
-320
750
541
-631
-1728
-2753
-3463
-4085
-5289
-6431
-7235
-7408
-6945
-6370
-5332
-4224
-3757
-3360
-3113
-2955
-2778
-2721
-2146
-1483
-1322
-1725
-2050
-1547
-703
-294
342
1124
1149
1080
1074
46
-1623
-2411
-2724
-3332
-3565
-3269
-2496
-1053
573
1695
2263
2627
2465
1758
740
-1027
-2821
-3632
-4220
-4983
-4698
-3564
-3108
-3344
-3170
-2522
-1963
-1776
-989
-169
-386
-1129
-1495
-1385
-828
-421
-1018
-2032
-2378
-2068
-2072
-1534
-1032
-1097
-205
1587
2808
2957
2583
2207
2170
1969
1062
-77
-961
-1264
-963
-1160
-1103
-274
278
416
667
617
343
76
-399
-708
-1001
-1360
-991
185
739
1159
2189
2546
2642
3107
3214
2717
1890
1164
600
21
-183
-238
-85
267
812
1354
1318
1154
1236
1417
1337
1029
647
162
180
879
886
739
998
855
590
-150
-413
255
229
-13
387
693
789
1217
1402
1689
1846
997
-56
-962
-1462
-2178
-3519
-4419
-5370
-6840
-8034
-9157
-9854
-9939
-10485
-11874
-12901
-13003
-12821
-12518
-11964
-11721
-11506
-10537
-9613
-8958
-8623
-8261
-7723
-7716
-7934
-7637
-6798
-5917
-5045
-4047
-3321
-2038
-35
1438
2464
3197
4009
5127
6440
7303
7519
7948
8526
9226
10118
10911
11310
11574
11824
12540
13153
13003
12974
12840
12680
12500
11602
10706
9920
9794
9407
8595
7960
7575
7305
7196
6753
5849
5389
4989
4610
4573
4184
3452
2750
2130
1555
1102
628
-132
-456
-757
-1162
-1224
-1279
-1399
-1533
-1690
-2419
-3056
-3070
-3041
-3054
-2624
-2376
-2337
-2466
-2629
-2284
-1725
-1309
-1189
-1317
-1653
-2074
-2284
-2183
-2144
-2195
-2405
-2599
-2168
-2036
-2395
-2210
-2248
-2424
-2105
-2296
-2556
-2645
-2689
-2249
-1710
-1860
-1845
-1628
-1590
-1561
-1689
-1890
-1816
-1995
-2242
-1963
-1734
-1883
-1790
-1892
-2508
-2518
-2321
-2667
-2720
-2172
-2009
-1834
-2044
-2334
-1843
-1125
-867
-917
-1196
-887
-467
-938
-1130
-1278
-1834
-2214
-2330
-2656
-2946
-3301
-3083
-1854
-618
-388
-749
-836
-596
-503
-925
-1507
-1606
-1218
-377
55
341
1170
1537
1366
1560
1822
1703
1833
2243
1983
1678
1892
1884
1490
1330
1441
1296
1579
2265
2888
3670
4501
4864
5138
4708
3705
3438
3146
2156
1067
708
846
700
367
251
273
328
-17
-45
560
613
503
673
625
464
180
281
750
1290
1242
951
1015
1192
1292
1030
625
689
861
482
-161
-580
-846
-1032
-1348
-1515
-1189
-1075
-990
-477
-19
347
206
-64
-156
-58
367
326
-119
-483
-894
-1382
-1593
-1695
-1793
-1923
-1867
-1799
-1627
-1235
-929
-675
-548
-347
-38
-133
-787
-966
-788
-888
-978
-902
-1002
-1275
-1682
-2442
-2541
-1679
-1041
-1078
-1418
-1492
-1213
-1454
-1521
-1289
-1339
-1128
-875
-769
-1083
-1249
-1153
-615
199
253
138
34
-750
-1783
-2878
-3814
-3976
-3581
-3473
-3657
-3322
-2512
-1358
-433
-128
726
1919
2274
1987
1624
1305
1026
876
469
465
919
1039
1025
1838
2461
2150
1910
1875
1690
1586
1688
1603
1457
1095
625
745
1149
1221
1565
1974
2200
2233
1723
1363
895
180
-657
-1402
-1515
-1255
-852
-518
-358
362
865
952
1194
1850
2642
2774
2668
2294
2149
2121
1292
358
155
160
49
-117
-243
40
335
386
309
383
223
468
812
800
1210
1800
1971
1961
1856
1655
1385
757
72
-691
-1187
-1506
-1838
-1887
-1841
-1318
-593
-9
657
1408
1561
1374
1243
985
779
557
371
269
48
90
212
215
717
1184
967
560
211
-74
157
420
546
754
657
902
937
696
1037
1397
929
332
-64
-562
-995
-986
-1211
-1938
-2469
-2659
-2491
-2510
-2473
-2209
-2279
-2186
-1811
-1303
-1167
-1108
-820
-498
-115
382
639
125
-161
178
408
375
163
-355
-915
-1082
-1070
-1010
-795
-766
-1098
-1011
-497
-351
-878
-1174
-1262
-1469
-1114
-849
-1042
-655
-408
-1104
-1158
-756
-926
-926
-888
-1077
-1118
-812
-372
-460
-721
-539
-75
420
440
845
1507
1804
1837
1971
1950
1496
1414
1924
2429
2385
2357
2533
2638
2175
1643
1133
771
575
156
-48
-511
-725
-613
-417
-49
-16
-506
-1043
-1552
-1811
-1958
-2223
-2328
-2517
-2451
-1959
-1911
-2137
-1782
-1084
-876
-762
-469
-160
-391
-937
-1163
-1188
-1094
-1122
-1251
-1154
-614
-149
-214
-160
-98
-476
-656
-722
-695
-288
78
385
526
592
300
56
52
-147
56
377
413
495
242
-50
-10
-81
36
270
558
1020
1241
1073
986
1106
1102
681
210
123
335
766
1150
1660
2189
2558
2591
2590
2713
2658
2288
2110
1939
1415
1201
1181
1200
923
198
-297
-236
-73
129
637
1113
1448
1745
1805
1752
1342
1001
960
757
223
-261
-656
-578
-432
-743
-880
-1049
-1442
-1282
-1148
-1125
-906
-805
-667
-632
-540
-243
-70
-156
-473
-492
-701
-994
-1107
-1124
-1049
-1092
-1366
-1845
-2108
-2147
-2160
-2419
-2759
-3044
-3102
-3055
-2707
-2268
-1930
-1391
-848
-765
-736
-449
-99
272
572
917
791
745
869
717
751
634
283
60
-2
-117
-394
-382
-80
440
1125
1483
1903
2886
3374
3239
3096
3101
3063
3021
2710
2111
1603
1329
1206
1466
1631
1780
2116
2136
2150
1982
1815
1594
1339
1176
882
716
679
521
265
-26
-350
-704
-859
-1202
-1425
-1622
-1819
-1437
-1418
-1570
-1551
-1780
-1949
-2123
-2468
-2805
-2804
-2899
-3114
-3415
-3644
-3678
-3583
-3615
-3820
-3871
-3871
-3940
-3851
-3961
-4073
-3991
-3793
-3553
-3416
-3431
-3243
-3059
-2898
-2752
-3066
-3231
-3309
-3580
-3860
-4096
-4402
-4458
-4203
-3454
-2367
-1218
-658
-1279
-2970
-4910
-6633
-8203
-9433
-10362
-10762
-10287
-9622
-9587
-10305
-11702
-13122
-13860
-12430
-8838
-4231
705
4849
8495
12458
17856
24390
29985
32759
32076
29229
25184
20987
17504
14137
11210
9203
7856
7174
6361
4838
2559
-106
-2440
-4191
-5030
-5152
-4830
-3988
-2949
-1903
-488
728
1114
1143
1023
1247
1642
2106
2386
2719
3169
3396
3553
3951
4367
4907
5322
5262
5218
5293
5732
6425
7154
7209
7304
7590
7158
6404
5440
4323
3131
1798
117
-1489
-2763
-3686
-4423
-5083
-5620
-5524
-4792
-3795
-2454
-1286
10
1562
3119
4457
5506
6330
7137
8151
8953
9176
8924
8360
7349
5986
4282
2784
1356
-512
-2585
-5099
-7630
-9538
-11327
-12781
-14191
-15687
-16962
-18231
-19105
-19149
-18434
-17397
-16122
-14772
-13651
-12716
-11898
-11493
-11088
-10452
-9458
-8169
-7354
-7000
-6953
-7002
-6630
-6114
-5730
-5716
-5540
-4813
-3864
-2542
-1016
895
2353
3077
2997
2480
2024
1352
460
-89
-656
-705
-283
35
378
574
965
1611
2383
3288
3841
4131
4662
4793
4599
4533
4229
3901
3665
3275
2574
1688
753
9
-234
-175
639
2175
4377
6704
8119
8999
9711
9864
9286
8160
6410
4412
3495
4357
6130
7261
6734
4914
2911
1392
648
554
1020
2323
4037
4789
4552
4080
3762
3045
1736
716
709
845
492
596
1539
1933
1152
-138
-594
-127
-68
-1075
-1912
-1271
-385
-759
-1648
-2542
-3393
-3889
-3402
-1458
578
1518
1370
858
994
1786
1598
-442
-3323
-5493
-7031
-7835
-7681
-6574
-3946
-845
1589
2491
2051
2030
2184
1604
-651
-3420
-4239
-3854
-3564
-3594
-3907
-4503
-5027
-4291
-2236
-591
-333
-835
-793
-358
-115
311
36
-796
-634
222
-299
-1457
-1696
-861
867
3062
4411
4021
2552
1298
872
1139
2276
3420
3769
3544
4060
5285
5974
5886
4644
2121
-1370
-3498
-2454
-105
567
-1506
-4738
-6340
-6582
-6401
-6187
-5431
-4228
-2811
-1039
-539
-2202
-4615
-5168
-3131
-156
1414
1104
-147
-1350
-1202
290
2582
4157
4127
4463
4760
3781
1986
1108
2832
4586
3311
-317
-3648
-5392
-5374
-3892
-2273
-926
20
557
1082
1749
2607
2970
2242
1841
1309
-444
-1558
-1468
-1906
-3408
-4392
-4242
-2862
-539
1382
2598
3235
3707
4288
4841
4779
4255
3941
3563
3184
3222
3831
5366
6869
6845
5527
3612
1798
1387
2413
3563
4363
3070
-870
-4286
-5383
-5045
-5101
-6114
-7611
-9455
-10849
-10463
-8825
-7159
-5239
-3241
-953
1570
4019
5792
5850
4082
2686
2665
2476
1355
679
1267
2316
3287
3815
3603
2758
1728
1408
2835
4677
5350
4098
2566
3117
3650
2300
10
-2585
-5252
-6793
-5544
-1682
2886
5635
4842
1171
-2988
-6068
-7562
-7921
-8235
-8432
-8009
-7111
-5464
-3221
-1079
-211
749
3732
6344
7642
8194
6615
3523
809
-286
-512
-2546
-5065
-4333
-977
1470
2738
3000
2163
822
-1440
-2615
-625
1640
1918
866
277
761
-146
-2777
-3841
-2478
-112
1536
2721
5112
7233
7820
7433
5107
1032
-1843
-2760
-4072
-5949
-6562
-4877
-1618
210
-1029
-3620
-4816
-4003
-2396
72
2419
2356
35
-2069
-2671
-1273
2441
5525
5880
3177
-1066
-3734
-4356
-4135
-4689
-5596
-4958
-4090
-5083
-5708
-4100
-1393
705
1497
826
-278
130
1755
2794
2787
1879
1553
2447
3793
5393
6750
7564
7162
4039
48
-2607
-3101
-2523
-4123
-7552
-8277
-4894
-380
2225
1449
-1189
-900
5460
12848
13667
8845
5166
5243
6813
5863
1593
-3748
-7337
-7033
-3634
-183
2045
4297
5913
3904
-540
-3115
-2971
-1388
974
2321
77
-3864
-5433
-4811
-3870
-1601
3694
7150
3682
-2661
-6603
-6891
-4123
-880
135
-1651
-4557
-7050
-8448
-8429
-8183
-7812
-6891
-6627
-5815
-2799
-52
348
1089
4025
6441
4941
2285
3468
7404
10911
12530
10722
6910
5473
5486
4145
3131
2793
491
-2991
-6086
-8225
-8414
-8056
-8114
-7469
-5954
-4859
-3364
-1633
-1813
-2028
-173
1100
-781
-4191
-5502
-2838
963
4216
6669
6051
2696
750
3272
7062
6804
2905
-460
-3887
-8068
-9449
-6470
-2026
1083
2294
3368
7373
12764
15111
12021
6149
2216
299
-1962
-4277
-6070
-6149
-4543
-3548
-4288
-5942
-6667
-6778
-7488
-6561
-1056
6224
9319
7815
4957
1713
-2507
-7268
-8845
-5706
-2447
-1908
-1971
-288
2978
6593
7632
3644
-1504
-4159
-3863
-1620
954
3072
4500
4113
2517
1171
10
-698
-289
1104
1144
-1647
-4354
-3969
-936
1162
-147
-2061
-741
3387
6913
7472
5826
4481
6409
10114
12452
12100
9129
5254
1839
-1891
-5234
-5370
-3047
-528
515
-789
-2319
-2153
0
3380
6032
6680
3545
-2694
-6933
-7508
-7701
-8536
-9078
-9576
-10611
-9456
-3220
3639
4926
1129
-3353
-5320
-5028
-4705
-4551
-4051
-3406
-1015
4642
10139
12041
9654
3667
-2120
-3858
-2587
-1825
-3147
-3573
-1523
555
908
-318
-1249
-1636
-1611
-1355
-1441
-1193
-32
1087
1586
2581
3983
3914
1885
-489
-1536
-869
-1152
-4182
-7379
-8005
-5573
-1230
3157
5305
5111
4358
3960
4416
5275
5481
5370
5912
6918
7618
6942
5478
3531
90
-3390
-4978
-4809
-3699
-2135
-600
1455
4699
7756
8745
7421
4157
725
-1490
-2518
-2669
-1604
194
1543
2274
2511
1788
459
-274
-1055
-2480
-3934
-5003
-4701
-3797
-2956
-2890
-4513
-6251
-6639
-6495
-6825
-6555
-5435
-4893
-5709
-6898
-6791
-5104
-3557
-3217
-3959
-4295
-2372
1111
3812
4420
4303
3915
2528
1068
-543
-2909
-5743
-7555
-6422
-4034
-2577
-1776
-689
961
1864
1916
2713
3954
4672
4641
3619
2014
1749
3598
5614
5993
5039
4246
3456
687
-2694
-4138
-3782
-3445
-3625
-3038
-1614
-62
319
-749
-2716
-4932
-6588
-6248
-3855
-636
2335
3257
2747
1391
-661
-2118
-2908
-3473
-3498
-2375
-665
787
1778
3192
5234
6864
6891
5280
2980
1254
-510
-1799
-1953
-2359
-2473
-1034
1203
2494
1853
424
311
1560
2230
1031
-1239
-2998
-2962
-2246
-2374
-2541
-2541
-3013
-3956
-4774
-5098
-4519
-3104
-1104
999
3394
6956
10329
11875
11037
8279
5299
3448
2271
1048
477
553
1784
4967
9972
15541
21766
27755
31628
32301
29492
24214
15238
1090
-15391
-28693
-32768
-32735
-32768
-32764
-32768
-32766
-32764
-32505
-30396
-25332
-19645
-14164
-8120
-2232
2435
4213
3782
3917
6289
10402
15095
19514
22736
24762
25054
24000
22399
20292
17634
14257
10859
7405
4231
2118
772
181
332
758
1026
1748
2873
3933
4183
2909
1017
-1000
-3023
-4528
-5636
-5853
-4989
-3671
-2257
-974
635
1790
1910
1298
-65
-1954
-3742
-5529
-6829
-6831
-5773
-3948
-1854
23
1265
2395
3499
3988
4120
3939
3936
3837
2810
1768
1553
1110
632
506
246
570
1931
2732
2154
203
-2078
-3311
-3441
-3523
-3859
-3366
-2415
-1676
-1281
-816
-113
584
589
-808
-2637
-4363
-4946
-4376
-3695
-2766
-1706
-979
-697
-928
-883
-695
-923
-1153
-1981
-2440
-2215
-1600
-824
-692
-622
-386
92
417
663
439
-71
-37
475
883
1277
1702
2011
2019
2022
1884
1558
1797
2168
2180
2329
2644
2864
2633
2646
3086
3253
3656
4241
4779
5185
5050
4953
5102
5169
5037
4443
3731
3227
2595
1618
1090
739
18
-714
-1622
-2214
-2257
-2054
-1589
-511
672
1340
1796
1925
1743
1531
1112
714
677
495
382
424
794
1637
2301
2690
3274
4225
4785
4200
3566
3290
2697
2125
1636
1317
1508
1821
1775
1831
2027
1816
1017
129
-368
-634
-577
-275
23
222
200
-346
-1191
-2412
-3454
-4073
-4280
-3952
-3355
-2726
-2212
-1122
-654
-775
-665
-855
-1095
-1394
-1979
-2765
-3367
-3547
-3728
-3632
-2900
-2160
-1244
-245
258
637
508
-56
-518
-1140
-1667
-2358
-2676
-2193
-1217
-246
106
313
687
548
291
-132
-744
-1050
-1019
-668
-35
709
943
908
721
223
-285
-834
-1233
-1244
-1339
-1163
-727
-661
-758
-765
-681
-630
-648
-792
-1175
-1521
-1446
-1282
-1457
-1476
-934
-191
509
705
283
-453
-823
-586
-1036
-1477
-1134
-697
-530
-510
-228
83
42
-381
-736
-1037
-1158
-939
-533
192
581
684
530
186
-43
-328
-913
-1505
-1803
-1626
-1438
-1318
-950
-832
-483
-234
37
578
764
469
42
-268
-222
-101
121
449
772
1268
1457
1442
1019
122
-197
-161
-415
-367
105
442
786
753
264
-248
-337
-336
-255
-228
-775
-1799
-3035
-4680
-6020
-6694
-7283
-7518
-7613
-7944
-8171
-8559
-9262
-10367
-11314
-12073
-12554
-12930
-13026
-12713
-11898
-10461
-8705
-7327
-7003
-6631
-6175
-5967
-5613
-4958
-3952
-2972
-1432
-22
692
1686
2727
3535
4246
4592
4765
5337
6252
7304
8837
10377
11670
12979
13580
13441
13476
13690
14189
14999
15175
15132
14984
14609
13694
12164
10412
9026
8678
9118
9581
9785
9756
9510
9519
8965
8075
7189
5764
4387
2988
2186
1776
1126
688
1044
1344
1066
427
-429
-1300
-2036
-2361
-2617
-3010
-3640
-4047
-4117
-3917
-3691
-3820
-3746
-3514
-3233
-3218
-3557
-4055
-4700
-5214
-5538
-6093
-6103
-5817
-6038
-5927
-5906
-5829
-5715
-5684
-5398
-5304
-4909
-4398
-4449
-4504
-4670
-4343
-3767
-3265
-2308
-1534
-722
-333
-1031
-2379
-3703
-4749
-5450
-5634
-5470
-4748
-3833
-3276
-3204
-3185
-3235
-3054
-2401
-1903
-1274
-658
-255
-310
-1098
-2001
-2608
-2576
-1875
-727
599
1844
2866
3592
3486
2930
2619
2618
2763
2779
2765
2689
3042
3614
4369
5026
5567
6117
6156
5569
4109
1911
-204
-1764
-2504
-2290
-986
944
2489
2868
2347
1520
573
-150
-867
-1632
-1942
-1767
-996
-53
1067
1561
1203
900
721
637
439
-178
-1109
-2078
-2232
-1527
-633
668
1665
1940
2304
2718
3185
3708
4123
3952
3569
2825
1733
1030
956
1107
1321
1291
1306
1416
1173
290
-1005
-2863
-4563
-4985
-4972
-4361
-2894
-1258
196
708
351
-851
-2524
-4378
-6142
-6929
-5814
-3143
240
3050
3928
3141
1213
-836
-2225
-3249
-3762
-3314
-2596
-1710
-103
2157
4711
6850
7857
6845
5039
3156
2056
2123
2770
3671
4491
5105
5048
3722
1233
-1190
-2605
-2520
-1948
-1203
-114
1024
1815
1371
-216
-2298
-4323
-5420
-5320
-4273
-2991
-1423
-22
150
-383
-1164
-1355
-820
-71
714
602
756
1288
1695
2008
1563
551
-314
-583
-246
278
1247
2816
4734
6848
8135
8311
7066
4497
2337
926
160
159
254
-93
59
904
2191
4026
5318
5893
5591
4066
2450
1800
1166
969
1212
657
-367
-1217
-1678
-1716
-1736
-2278
-3210
-4856
-6669
-7584
-7481
-6924
-6530
-6304
-5880
-5507
-5409
-5943
-6677
-7074
-7180
-7100
-7175
-6969
-6612
-6148
-5700
-5545
-5066
-4458
-3793
-2913
-2360
-2460
-2575
-2068
-1443
-1044
-1175
-1761
-1971
-1073
565
2299
3725
4302
3508
1952
-126
-2313
-3478
-3572
-2399
-442
1405
2524
3216
3244
2546
1605
850
1115
2461
3697
4237
3683
2038
61
-1984
-3805
-5005
-5378
-4601
-2505
155
3045
5096
6000
6037
5180
3913
2684
1927
1738
2139
2615
2546
2378
2365
2267
2274
1932
1301
848
215
316
880
1102
1943
3047
4184
5112
5103
4370
3430
2265
804
-305
-998
-1666
-2284
-2838
-3130
-2495
-574
2288
4364
4538
3078
1199
-309
-1312
-1776
-2011
-1964
-2028
-1859
-1594
-994
-629
-1088
-1769
-2547
-2728
-2074
-1141
-366
144
457
491
-60
-611
-294
655
1434
1592
1466
1803
2584
3098
3184
3176
3420
3947
4326
3961
2990
2188
1660
1616
1796
1125
-131
-1097
-1073
-371
200
361
790
1741
3150
4153
4146
2960
1731
925
722
1210
1602
1926
2414
3068
3660
3416
2399
1766
1306
980
834
816
992
808
262
-259
-734
-1387
-2098
-2942
-3868
-4359
-3973
-3069
-2316
-2194
-2581
-3186
-3582
-3403
-2789
-2351
-2728
-3201
-3814
-5259
-6607
-7295
-6627
-4765
-2807
-723
756
1052
527
-537
-1852
-3316
-4885
-5831
-5841
-5349
-4325
-2846
-1217
-106
311
47
-998
-2354
-3517
-4096
-4076
-3637
-3005
-2816
-2642
-2250
-1427
-234
525
736
678
476
-60
-392
293
2059
4362
6878
8345
8606
8015
6251
4412
2646
937
-627
-1992
-2491
-1413
692
2601
3548
3531
2647
1445
636
35
-24
-42
-555
-1352
-2264
-2442
-2103
-1521
-907
-540
-542
-713
-1012
-1374
-1406
-755
1034
3373
5439
7062
8123
8749
8916
8653
8523
8704
9086
9002
7988
6208
4585
3665
3490
3846
4736
5821
6767
7939
8709
8539
7220
5016
2396
-429
-2953
-5036
-6182
-6292
-5987
-5439
-4321
-2649
-960
-623
-2395
-5438
-8427
-10561
-11362
-10893
-9730
-7686
-5927
-5243
-5406
-6503
-7731
-8483
-8391
-7364
-5591
-3592
-1336
879
2353
2760
1627
-416
-1740
-2116
-1617
-315
1072
2437
3370
3743
3357
2530
1653
845
183
-219
-279
-427
-913
-1462
-1756
-1858
-1633
-2108
-3687
-5276
-5841
-5350
-4996
-4998
-5639
-6753
-7138
-6333
-3914
-772
1366
1887
938
-360
-696
-283
-246
-999
-2007
-2608
-2555
-2126
-1780
-1823
-1820
-1100
130
1640
3288
4724
4957
3609
1493
23
-306
-9
460
513
-165
-1317
-2243
-2735
-2608
-1904
-1230
-694
-532
-401
-8
-322
-1716
-3686
-5536
-6643
-6488
-4970
-3130
-1803
-689
859
2889
4222
3878
2274
-46
-1855
-1701
-394
690
1513
2024
2807
4650
6790
7880
7102
4942
2668
641
-669
-898
-896
-944
-590
-270
-217
-406
-49
1211
2128
3034
4293
5274
6017
5444
3367
1420
522
1241
3300
4640
4148
2092
-10
-545
664
2784
4608
5456
4816
2627
282
-891
-1309
-2593
-3695
-3229
-1944
-57
1731
3430
6054
8200
8029
5237
1489
-1754
-3339
-2043
588
1271
-550
-3113
-4620
-5334
-6830
-7517
-6733
-5095
-2744
-828
-90
-823
-2111
-2882
-3305
-3449
-2514
-88
2848
4461
4455
3503
2561
3200
3662
2432
-9
-3090
-4461
-2924
-335
2092
4430
5288
4875
4110
3522
5371
8836
10324
8427
5362
3119
1894
1855
2181
2617
2531
1443
1016
1073
878
787
776
77
-2056
-5481
-8831
-10151
-8622
-6230
-4449
-2585
-990
-123
-135
-1599
-3923
-6766
-8283
-7725
-7320
-6300
-3237
1368
4771
7117
9312
10150
9163
6976
4771
1743
-1766
-3885
-3077
-1132
-275
-861
-1964
-2760
-3086
-3507
-4669
-6254
-6466
-4786
-1859
421
1450
2136
1750
37
-1087
-379
776
1477
2008
3409
4605
3831
1305
-1020
-1920
-1482
-541
456
2264
4973
7205
7900
8240
8607
8775
7489
4351
1121
-1718
-4548
-9356
-12922
-12787
-11281
-8947
-6658
-4887
-2220
771
2315
1582
-505
-2110
-2763
-4375
-6724
-6599
-4077
-818
2501
3869
2345
-1938
-6639
-7872
-5266
-1359
1546
2662
4460
8088
9725
7341
4321
1432
-1799
-2933
-1976
562
3843
6097
7070
7281
5827
283
-5985
-7772
-6732
-5771
-3847
952
7149
10640
12336
13496
14018
12144
6391
2405
2485
3642
4618
4044
1493
-1399
-3546
-4948
-3996
-1150
-587
-2553
-4292
-4567
-2118
2450
7993
10687
6673
-2355
-9624
-11800
-12307
-13080
-13218
-12590
-11232
-8449
-3181
3492
7077
5698
1789
-2138
-4235
-3691
-1132
2182
4629
4539
3096
3088
4996
7488
10333
12589
12493
8776
4942
4662
6410
7002
2228
-8470
-18345
-21760
-19230
-13432
-5676
2020
6362
6991
7782
9158
7182
772
-6128
-9511
-8785
-5828
-2736
-275
1722
2998
1837
-2965
-9501
-12884
-11752
-9207
-7258
-6435
-6094
-5376
-4737
-2721
2392
8034
10907
9924
6169
2892
2252
4453
7903
11593
14825
15923
13903
9050
3534
-223
-2599
-4642
-6115
-6987
-5889
-6392
-9095
-10398
-10530
-9500
-7014
-3773
-713
1411
2744
3236
916
-4245
-9695
-11826
-8717
-2604
3184
6980
7966
6639
5636
6947
9867
12794
14567
14950
15337
16028
15642
12984
7213
-1204
-9420
-15092
-18703
-21032
-21884
-18928
-12897
-7270
-3576
-1081
782
1864
2818
4604
7505
9525
10880
11378
8637
3286
-1599
-4100
-4586
-4501
-5111
-5850
-5658
-3954
-1351
986
2020
942
-720
-2227
-2586
-2866
-4697
-7783
-9466
-6517
-238
4097
4208
690
-4093
-7368
-8578
-8263
-7751
-7809
-6963
-4460
-1380
2234
5372
6273
4580
1662
-1129
-2893
-3029
-1688
1680
6258
10696
13117
13207
12522
11438
9703
7256
5603
6680
9292
10943
10792
10393
10366
10353
10029
7354
2825
-502
-1763
-2317
-2366
-1205
904
1916
403
-1547
-2765
-4026
-4733
-3631
-1577
-147
-86
-1035
-1872
-2334
-1950
-1238
-1952
-5278
-9377
-11309
-11100
-10494
-8917
-6206
-4123
-3198
-3365
-3293
-2510
-2949
-6344
-10932
-13280
-12612
-9661
-6138
-4428
-4615
-4298
-3028
334
4607
7273
8637
7807
6568
6661
7976
8810
6391
497
-5327
-8027
-7848
-6167
-3424
100
3879
7711
12049
15009
14273
10426
4672
-784
-5056
-7731
-7714
-5544
-3055
-648
1129
2009
2989
3759
3220
886
-2051
-4201
-5898
-6740
-6169
-4991
-4152
-3762
-2972
-1401
530
2374
3720
3903
3337
2983
3475
4500
4404
2335
2
-1038
-1172
-1576
-2552
-2578
-922
1172
1870
958
353
1338
2872
3690
3324
1675
-976
-3389
-3434
-449
3243
5304
5188
4039
2999
2154
1169
439
53
-870
-2173
-2369
-1223
528
2054
2172
413
-2281
-3993
-3815
-2575
-2085
-3712
-6035
-7188
-6906
-4990
-2718
-1505
-1186
-245
1611
3153
3721
4341
6356
8070
7596
5805
3889
2114
1045
522
194
949
3157
5624
6369
4796
2001
-499
-2199
-4212
-5991
-6337
-5186
-2420
947
2532
858
-1789
-2856
-3458
-3812
-3296
-2357
-2223
-2959
-3160
-2263
-195
1607
1485
-308
-1799
-2564
-3528
-3753
-2813
-2194
-2341
-2726
-2563
-1058
1179
3165
3258
1313
-359
315
1431
189
-2646
-4592
-5085
-5382
-6223
-6859
-5953
-4136
-2104
907
4568
7207
8209
7553
5569
3137
1937
2153
2576
2143
616
-1528
-2682
-1291
1177
2702
3416
3685
3635
3137
2903
3595
4501
5446
5597
5346
4922
3904
2181
-220
-3315
-5614
-6372
-6087
-5887
-7305
-9504
-10710
-9453
-7130
-5750
-5387
-4402
-1566
2228
4979
5714
5320
4341
3094
1040
-1133
-2143
-2238
-1387
70
1234
2084
3094
3985
4575
5375
6415
5961
3685
901
-1567
-3052
-3620
-3835
-3703
-3354
-3825
-4832
-4493
-2093
1848
5485
6946
6475
4509
2242
1579
2472
4116
5471
5844
4997
3181
2578
4570
7319
9852
11857
12987
13784
14813
16197
17362
17340
15181
10846
5202
-358
-6805
-15336
-24272
-31254
-32768
-32738
-32529
-31016
-29069
-28299
-26877
-24898
-23561
-22186
-20569
-18524
-15986
-12624
-8521
-4082
214
4766
9586
13425
16120
17906
18842
19545
19832
19157
17676
15193
12779
11502
11472
11874
12117
11876
11240
10604
9634
8608
7873
7520
6502
4700
2549
260
-1173
-1714
-1334
-456
520
1158
1105
650
-77
-493
-631
-1010
-1868
-3057
-3799
-4110
-4242
-4285
-4512
-4590
-4571
-4205
-3364
-2561
-1981
-1528
-1110
-691
193
1147
1786
2328
2573
2125
1536
1035
433
-303
-849
-1468
-2017
-2261
-2735
-2661
-1949
-1524
-1152
-1130
-1625
-1644
-1736
-1895
-1602
-1633
-1738
-2196
-2688
-2795
-2915
-2906
-2938
-2925
-2769
-2685
-2592
-2299
-2143
-2185
-2221
-2055
-1494
-785
-193
50
271
589
1130
1693
1929
1794
1490
1391
1441
1371
1412
1560
1512
1562
1536
1680
1643
1562
1636
1654
1728
2016
2517
2685
2523
2681
2763
3152
3719
3836
3850
3927
3751
3444
3336
3305
3262
3540
3864
4139
4280
4185
3746
3115
2451
1839
1369
713
307
146
-155
-229
-204
-438
-798
-951
-1295
-1382
-1116
-1436
-1519
-1459
-1206
-343
274
739
1462
2218
2973
3496
3681
3513
3488
3538
3562
3519
3072
2758
2635
2563
2534
2455
2200
1426
502
404
750
1163
1824
2301
2612
2808
2623
1928
1063
378
-533
-1305
-1518
-1777
-1854
-1572
-1440
-1561
-1668
-1819
-1909
-1851
-2213
-2486
-2394
-2515
-2567
-2690
-2990
-2945
-2822
-2788
-2477
-2085
-1933
-2020
-2040
-2089
-2211
-2249
-2458
-2517
-2438
-2189
-1847
-1587
-1358
-1072
-1113
-1036
-734
-619
-373
-252
-136
-257
-292
-510
-872
-978
-1014
-916
-919
-1173
-1570
-1825
-1929
-1864
-2016
-2040
-2253
-2408
-2371
-2438
-2593
-2774
-2893
-3071
-3163
-3252
-3355
-3410
-3395
-3506
-3536
-3347
-3029
-2626
-2434
-2491
-2300
-1926
-1551
-1338
-1435
-1413
-1248
-1096
-943
-617
-679
-969
-826
-581
-407
-263
-195
-310
-346
-300
-225
78
164
-2
-186
-191
-56
97
216
47
-70
118
433
785
1191
1469
1534
1686
2181
2492
2621
2684
2535
2625
2612
2245
2047
1655
1233
1273
894
450
205
-336
-956
-1336
-1723
-2211
-2638
-3239
-3787
-4058
-4161
-4249
-4303
-4158
-4060
-3938
-4002
-3811
-3505
-3403
-3040
-2686
-2212
-2061
-1873
-1374
-1143
-879
-703
-677
-239
325
315
416
889
1140
1648
2178
2207
2549
3398
3960
4525
5239
5917
6379
6737
7033
7244
7631
8005
8083
8328
8149
7301
7272
7226
6499
6173
5675
5388
5065
4694
4443
4149
3684
2979
2379
1384
635
379
310
181
-63
-292
-687
-845
-920
-996
-1043
-983
-928
-686
-556
-571
-383
-324
-327
-361
-490
-738
-1085
-1128
-1125
-1623
-2219
-2738
-3345
-3928
-4292
-4240
-4262
-4266
-4351
-4034
-3543
-3531
-3497
-3438
-3558
-3800
-4295
-4596
-4691
-4705
-4292
-4191
-4234
-3669
-3414
-3091
-2688
-2551
-2402
-2208
-2069
-2157
-2648
-3108
-3528
-3950
-3966
-3627
-3191
-2554
-2020
-1422
-428
157
646
1229
1651
1878
1961
2223
2827
3503
3838
4129
4336
4908
5437
5193
5335
5351
4856
4602
4389
4274
4243
4296
4269
4125
3875
3729
3627
3461
3240
2893
2466
1415
686
200
-690
-1220
-1573
-2011
-2231
-2049
-1714
-1009
-369
150
1144
2118
2562
2476
2236
1847
1466
1039
582
910
1264
1306
1412
1097
662
52
-781
-1428
-2249
-2485
-2228
-2170
-2297
-2150
-1813
-1784
-1769
-1751
-1179
-595
-170
844
2167
2731
2789
2222
1005
152
-415
-637
-236
175
389
612
467
-283
-1151
-1568
-1675
-2368
-3136
-4155
-5284
-6022
-6447
-6528
-6367
-5885
-5011
-3968
-2716
-1288
-97
856
1366
1235
961
753
23
-779
-1133
-1021
-761
-1021
-1520
-1675
-1853
-1600
-664
638
1830
2981
3733
4476
5275
5449
5197
4495
3352
2473
1724
1143
731
624
954
1064
1554
2490
3542
4577
5084
4954
4212
2872
1898
1284
1238
1533
2071
2773
3312
3834
3720
3228
2766
2301
1835
1183
407
-671
-1387
-1835
-2336
-2497
-2263
-1569
-773
-618
-1703
-3464
-4862
-6484
-7513
-7745
-7613
-7796
-8274
-8140
-7969
-7777
-7579
-7752
-7894
-7598
-7104
-6855
-6348
-5437
-4569
-3654
-2697
-1612
-704
344
1410
1819
2187
2591
2769
2774
2660
2096
1193
300
-60
-193
-27
570
1304
2226
3403
4817
6011
6204
5590
4551
3348
2510
2073
1430
290
-395
-510
-757
-801
-822
-791
-250
333
986
1438
1516
1155
604
-94
-754
-469
-350
-299
-96
174
224
-41
-81
42
258
829
1281
1212
931
724
360
130
-209
-916
-1262
-1398
-1787
-1918
-1558
-1231
-783
-229
294
904
1366
1793
2166
2272
2120
1902
1860
1789
2175
2613
2590
2413
2422
2425
2300
2543
2562
2521
2635
2439
2134
2398
2392
2065
2153
2115
1907
1686
1596
1511
1254
869
602
742
792
895
1070
1008
964
1009
664
352
-19
-879
-1527
-2158
-2826
-3512
-4163
-4878
-5166
-4993
-5066
-5171
-5349
-5317
-4494
-3672
-3062
-2248
-1788
-1058
-588
-612
-542
-664
-891
-1231
-2132
-2858
-3395
-4023
-4445
-4548
-4404
-4345
-4200
-3936
-3698
-3669
-3815
-3815
-4017
-4040
-4055
-3765
-2910
-2650
-2719
-3099
-3301
-2817
-2293
-1859
-963
-10
1078
1775
2730
4670
6862
8758
9671
9759
9563
9384
9368
9480
9488
9471
9439
9775
10341
10859
11333
11108
10501
9711
8431
7071
5648
4376
3339
2121
1107
358
-113
-612
-1318
-1760
-1743
-1894
-2164
-2011
-2014
-2404
-2616
-2888
-3097
-3140
-2786
-1920
-1101
-61
1047
2210
3391
4088
4964
5828
6077
6591
7193
7557
7632
7672
7366
6832
6453
5907
5281
4722
4141
3296
2494
1810
1184
455
-562
-1765
-3041
-4137
-5269
-6061
-6573
-7267
-7674
-8236
-8824
-8977
-9350
-9827
-10062
-10394
-10420
-10118
-9696
-8921
-8304
-7788
-7444
-6843
-5849
-5228
-4819
-4748
-4576
-3908
-3449
-2766
-1911
-799
351
811
529
-378
-955
-1290
-1577
-1981
-2255
-2270
-2746
-3263
-3596
-3955
-3924
-4049
-4434
-4719
-5115
-5145
-5007
-4578
-3866
-3282
-2583
-1456
-395
455
1043
1346
1705
1845
1718
1302
372
-937
-2314
-3069
-3603
-3640
-3317
-3594
-3671
-3184
-2809
-2148
-1962
-2018
-2052
-1847
-1186
-313
428
887
1394
2045
2795
2926
2728
2538
2744
3069
3861
4650
4645
4768
4185
3057
1756
517
-232
-652
-1264
-2509
-3196
-2818
-2315
-1862
-1334
-286
742
1623
2849
4182
4962
4684
4326
4477
4745
5127
5317
5732
6182
6475
5855
3629
474
-2311
-4265
-5373
-5839
-5920
-5196
-3736
-2318
-1186
542
2732
4691
5538
5416
5796
6897
7814
8263
8302
7373
5967
4056
2450
1741
1189
-52
-1738
-3303
-4833
-5780
-6048
-5286
-3690
-1852
29
1374
2077
2540
2692
1912
1677
1860
2090
2476
2160
378
-2289
-4370
-6055
-6940
-6927
-6513
-5746
-4326
-2152
377
2516
4939
7595
9386
9687
9065
8801
8767
8442
7609
6319
4725
3337
1509
-638
-2325
-3717
-4744
-5781
-6512
-6538
-5890
-4608
-3070
-1605
-1116
-1956
-3474
-5375
-6797
-7412
-7783
-7891
-8098
-7727
-6429
-4086
-1090
2087
4850
6101
6576
6613
6164
5772
5760
5654
5341
5178
4925
4687
4372
3335
2077
1935
2389
2382
1708
556
-548
-416
761
1646
1551
986
10
-1085
-1743
-2287
-2921
-3444
-3639
-3452
-3070
-3303
-4001
-4251
-4086
-3993
-4702
-5517
-5916
-6003
-6309
-7235
-8239
-8086
-6716
-4611
-1846
1051
3508
5159
5962
6771
7712
8091
7482
5704
3771
1619
-395
-1531
-1402
344
2294
4228
6571
8367
9053
9127
8237
5627
2248
-62
-657
464
3037
5550
6626
6423
5108
1573
-3058
-5824
-6753
-6014
-4184
-3213
-3157
-3432
-4397
-6377
-9249
-12639
-15686
-16886
-15604
-12905
-9253
-5226
-2448
-1759
-2652
-3436
-2727
-1268
-25
1574
3273
4681
6210
8531
9793
9114
7664
7015
7303
7492
6874
5193
2967
1310
855
808
39
-1681
-3185
-3655
-4184
-5290
-5825
-5596
-5303
-4969
-4996
-5436
-5461
-4145
-2294
-628
650
659
195
1339
4421
7992
10446
11078
10092
7617
5371
4328
4427
4950
4791
5019
6401
7416
6817
5444
4740
5123
6160
7014
6427
3651
689
-890
-1414
-2102
-4541
-7751
-8977
-8319
-7426
-7093
-6902
-7315
-8309
-7159
-3267
182
1726
2056
1087
-186
-1028
-1814
-3227
-4614
-4149
-2803
-4349
-8106
-10882
-10422
-5577
852
5036
5772
5696
6781
9056
12630
15404
15945
15599
14601
12012
7792
3770
2631
1628
-1201
-3643
-6096
-8774
-10533
-10381
-7737
-5002
-3654
-2634
-638
1404
2429
2993
564
-5064
-9016
-9061
-5438
185
4910
6204
4408
1233
-2665
-7160
-11184
-12502
-11802
-10962
-9908
-8187
-5043
-225
4910
7723
7582
7211
8089
9098
8651
6776
5276
3575
831
-356
456
-289
-2202
-1011
2767
4978
4812
4286
5705
8398
9336
8225
4755
182
-2886
-5114
-6849
-8166
-9238
-8921
-7639
-6383
-4565
-3097
-3628
-4604
-4329
-4028
-4009
-2359
-305
313
481
79
-1148
-2147
-1882
-856
-332
-611
-313
992
2391
4002
6797
9578
10846
10791
9688
8531
7618
7079
6014
3675
1065
-914
-1934
-2378
-3384
-5815
-9536
-12815
-13476
-11976
-9725
-7810
-5464
-1745
1941
4516
5074
4138
3848
3592
2167
1019
-41
-1888
-2582
-326
3593
7397
9223
7174
1905
-2994
-4207
-2434
-547
24
1588
5764
8975
6420
-442
-5475
-5809
-3612
-4009
-7805
-9754
-7815
-6585
-8036
-9118
-7993
-4976
-2413
-1283
-70
838
400
117
485
685
1114
2109
2668
2217
2154
2372
764
-1492
-3090
-3888
-4370
-4432
-2528
1124
4499
5575
4586
2637
-569
-2947
-2884
-1423
637
2643
3694
3650
3502
3614
3053
1870
675
121
499
266
-868
-2268
-3268
-2899
-1827
-414
986
2805
4960
5859
5426
4530
3728
3153
2845
2495
1576
-342
-3194
-5158
-4783
-3055
-640
1539
2983
3997
4277
4446
4288
3535
2172
376
-958
-1260
-126
1814
3072
3148
3047
3938
5571
6455
6033
4996
3872
2185
513
114
357
192
-389
-1324
-2500
-3323
-3127
-1960
-1355
-1417
-1350
-221
1338
2066
1250
-1061
-3610
-5078
-5838
-6032
-5952
-6117
-6012
-6015
-5741
-5417
-5257
-5368
-5235
-3823
-1422
286
193
-744
-975
-79
671
860
322
-1294
-2748
-2604
-2021
-2204
-2679
-2959
-3813
-5504
-6597
-6196
-5080
-4451
-4603
-4965
-4365
-2652
-747
1565
4590
7410
8240
6096
3486
2877
4237
6007
6398
5195
4322
4154
2642
654
655
1428
912
-804
-2459
-2765
-2001
-951
977
3779
5820
6492
6869
7082
6510
5532
5392
5503
5669
6511
6377
3873
372
-2632
-4680
-5688
-6395
-5800
-3873
-2242
-1825
-2891
-4211
-5103
-6180
-6919
-5926
-3635
-1647
-657
768
3556
6879
9320
9825
8479
6467
5076
3531
684
-2055
-3354
-3356
-2612
-1293
-118
-34
-451
-1304
-2363
-3047
-3344
-3194
-3063
-3201
-3518
-3389
-2464
-1191
499
1728
1392
578
-176
-1178
-1639
-1434
-1493
-2534
-4088
-5284
-5438
-3959
-1305
981
2400
2824
2675
2583
2094
1210
113
-543
135
1396
1712
749
113
-250
-1521
-3060
-3945
-4301
-3631
-1884
535
2706
3013
1183
-1602
-3562
-4499
-4447
-3168
-1841
-1069
-1359
-1645
-1756
-2211
-2460
-1698
9
1094
765
-269
-1558
-1630
-578
540
1310
1912
2631
2536
1755
1353
2100
3164
2965
1863
1306
1189
1298
2011
3318
5094
6388
6737
6355
6356
7071
7657
8009
8243
8216
8511
9829
11623
13206
14605
17140
20882
24741
27330
27496
24929
19079
11065
2731
-6356
-16855
-26762
-32768
-32703
-32768
-32767
-32766
-32768
-32763
-32768
-32760
-32724
-32101
-30090
-27174
-24104
-20345
-15487
-9987
-4082
1982
7463
12076
15540
17559
18458
18940
18759
17821
16170
14462
12660
11128
10411
10433
11004
11691
12403
12986
13493
13343
12188
10579
8670
6436
4079
1340
-1300
-2947
-3652
-3751
-3291
-2559
-1725
-470
1026
1983
2602
3115
3082
2745
1912
967
122
-871
-2149
-3602
-4416
-4823
-5282
-5341
-5180
-4692
-3697
-3113
-2395
-1212
-405
330
938
1193
1569
1744
1329
954
519
-261
-1081
-1792
-2353
-2840
-3174
-3603
-3781
-3614
-3215
-3316
-3585
-3278
-2999
-2808
-2350
-2132
-1999
-1637
-1630
-1781
-1344
-643
-189
382
833
1394
2140
2629
2702
2455
2221
2436
2791
3031
2936
2577
2461
2631
3381
4113
4606
5017
5135
5325
5439
5333
5199
5125
4560
4015
3605
3280
3090
2787
2449
1809
867
342
121
-43
-69
-207
-493
-655
-974
-1470
-1935
-2180
-2192
-2250
-2299
-2367
-2221
-1691
-1313
-942
-145
374
833
1299
1570
1890
2307
2719
2697
2444
2324
2307
2308
2443
2699
2828
2761
2884
2784
2810
3139
2893
2624
2097
1618
1865
2557
3456
4004
4188
4282
3930
3386
2714
2136
1661
1173
733
565
957
1237
1295
1178
663
147
-326
-912
-1450
-1777
-2064
-2316
-2768
-3456
-3626
-3410
-3103
-3052
-3176
-3113
-3205
-3331
-3314
-3243
-3089
-3084
-3085
-2852
-2561
-2062
-1779
-1468
-1198
-930
-935
-948
-987
-1019
-932
-1077
-1132
-1018
-994
-1041
-1182
-1074
-774
-765
-806
-1014
-1196
-1273
-1159
-1197
-1301
-1453
-1781
-1608
-1608
-1597
-1412
-1458
-1386
-1284
-1347
-1116
-774
-711
-585
-591
-816
-905
-685
-632
-921
-915
-854
-954
-899
-1068
-1126
-1048
-1055
-837
-727
-617
-628
-720
-608
-543
-493
-451
-666
-852
-698
-687
-658
-484
-504
-716
-794
-738
-791
-650
-745
-755
-648
-517
-447
-617
-894
-828
-541
-479
-488
-568
-537
-521
-171
-17
-243
-282
-439
-605
-513
-214
-179
-409
-610
-836
-1107
-1246
-1317
-1220
-1421
-1659
-1812
-1910
-1799
-1899
-1877
-2122
-2433
-2600
-2730
-2783
-2652
-2623
-2895
-3114
-3061
-2840
-2362
-1841
-1341
-1005
-919
-369
320
782
1557
2114
2331
2674
2929
3038
3204
3153
2794
2576
2233
1863
1702
1457
1226
1323
1389
1445
1658
1784
1778
2056
2232
1944
1741
1633
1901
2283
2481
2683
2869
2747
2569
2463
2522
2690
2809
2844
2791
2520
2315
2302
2233
2513
2644
2654
2692
2537
2476
2393
2258
2165
2159
1899
1564
1667
1325
921
908
591
484
411
-74
-458
-454
-327
-321
-399
-476
-413
-374
-510
-535
-407
-187
-92
93
177
-59
42
-8
-18
-44
-113
-350
-652
-767
-698
-748
-775
-712
-729
-558
-518
-596
-536
-558
-710
-856
-1525
-2176
-2479
-2762
-2744
-2360
-2055
-1767
-1660
-2088
-2570
-2998
-3257
-3172
-2974
-2929
-2848
-2816
-2626
-2148
-1636
-1187
-734
-462
-544
-557
-631
-850
-994
-1384
-1681
-1468
-1141
-680
-238
-120
-106
-212
-265
-112
259
1096
1797
2300
2886
3316
3532
3714
4040
4322
4459
4606
4685
4577
4296
3720
3262
2974
2370
1761
919
-342
-1332
-2406
-3323
-3963
-4495
-4525
-4578
-4792
-5109
-5146
-4926
-4924
-4697
-4610
-4460
-4418
-4688
-5046
-5574
-5796
-5391
-4687
-3947
-3380
-2809
-1721
-123
1579
2742
3682
4342
5003
5448
5149
4331
3138
1815
700
-145
-794
-772
-273
193
446
234
-117
-100
426
1380
2278
3391
4896
6290
7496
7815
7455
6464
5497
4056
2426
1580
1096
865
838
1140
1686
2148
2089
1600
778
275
101
138
57
-517
-1515
-2974
-3895
-3849
-2579
-434
1007
822
-352
-1498
-1221
322
2157
2975
2558
1801
1479
1955
2265
1783
420
-1323
-2628
-2818
-2040
-1020
64
766
1260
1962
2549
2781
2855
2781
2709
2915
3239
3522
3297
2223
469
-1955
-4397
-5705
-5502
-4300
-2668
-1698
-1537
-1335
-335
284
-337
-1893
-3958
-5522
-5819
-5021
-4443
-4375
-4806
-5426
-5159
-3919
-1918
338
990
180
-1215
-2575
-3224
-3653
-4011
-4341
-4621
-4735
-4769
-4359
-3400
-1993
-653
175
533
459
145
-395
-1206
-2063
-2587
-2280
-1228
-78
1105
2173
3520
5209
6573
7045
6557
5501
4108
2952
2120
1227
526
20
-279
-78
27
34
458
1132
1716
2055
1981
1505
1200
1187
1489
1848
2337
2606
2404
1831
1041
219
-611
-1075
-1368
-1425
-936
-254
515
1329
1760
2127
1974
1589
1266
915
1003
1154
1143
913
587
79
-637
-1002
-1350
-1670
-1556
-1293
-954
-654
-403
-94
105
324
538
1055
1518
1663
1837
2172
2361
2617
2708
2354
1870
1404
1161
845
864
931
843
657
432
417
260
360
291
-84
3
161
338
539
595
475
317
224
358
413
537
612
544
582
809
894
768
749
494
300
341
-37
-238
-58
-149
80
470
728
1045
1207
1263
1340
1368
1245
931
588
92
-608
-1174
-1549
-1621
-1637
-1670
-1545
-1159
-745
-516
-402
-545
-593
-767
-1257
-1617
-1956
-2347
-2771
-3304
-3734
-3986
-4359
-4686
-5116
-5554
-5825
-6164
-6249
-6507
-6839
-6905
-7107
-7178
-7133
-7172
-7172
-6608
-5925
-5302
-4555
-3819
-3065
-2341
-2028
-2059
-1989
-2037
-2149
-2381
-2711
-2882
-2827
-2504
-2297
-2145
-1675
-1428
-1106
-1138
-2198
-3815
-5456
-6904
-7574
-7031
-5839
-4312
-2602
-204
3703
8337
12224
15319
17959
20864
24148
27296
29339
29445
27850
24894
21169
17518
14162
11198
9100
7654
6214
4804
2976
663
-1490
-3362
-4956
-5763
-6109
-6151
-5666
-5415
-5278
-4929
-4353
-3280
-2240
-1527
-1013
-624
-128
543
1001
1455
1843
1947
2239
2634
3150
3622
3850
3855
3848
3942
3902
3642
3040
2258
1781
1061
296
-394
-994
-1323
-1283
-1109
-1235
-992
-523
-61
536
787
820
896
523
41
-685
-1584
-2191
-2395
-2261
-2338
-2010
-1369
-558
276
669
874
1193
1587
2159
2765
3044
2676
1520
378
-679
-1712
-2785
-3907
-4814
-6050
-7897
-9713
-10956
-11251
-11366
-11662
-11358
-10560
-10162
-10654
-11743
-12827
-14034
-15576
-17084
-18077
-18518
-18364
-17438
-15980
-14593
-13485
-11988
-10152
-8970
-8651
-8505
-8612
-8220
-7046
-6056
-5567
-5255
-4810
-4247
-3913
-3806
-3101
-1216
1297
3087
3583
3398
3300
3615
4360
5532
6328
6500
6411
6512
6546
6191
5629
4760
4113
3881
3861
4258
4978
5488
5439
4918
4557
4566
4203
3373
3312
4105
4752
5203
5991
7294
8436
8627
7969
6858
5984
5592
5796
6112
6570
7487
8480
9048
8661
6663
4041
1725
-42
-875
-198
1705
4157
6312
7430
8237
8536
8627
8920
9721
11039
12005
11555
9435
6583
3836
1380
-137
-472
-147
658
1558
2496
3010
2420
1591
1744
2542
2562
1820
771
-124
-1161
-2469
-3288
-3530
-4145
-4849
-4670
-4570
-5561
-6567
-6252
-5369
-4598
-4189
-3595
-3128
-3904
-4464
-4355
-4604
-5081
-5078
-4640
-4826
-5815
-6566
-6698
-6072
-4095
-1809
22
1352
2222
3442
5229
6211
5129
2230
-861
-3255
-4031
-3096
-875
2279
4439
4578
3241
1206
-306
-1188
-2602
-3839
-3834
-4103
-5519
-7236
-8749
-9684
-9805
-8399
-5433
-2102
-83
137
159
477
323
260
739
1054
510
-981
-2413
-2893
-2650
-2334
-2871
-3916
-3300
-476
2540
2733
657
-984
-1594
-1629
-1222
-436
570
1627
2147
2330
3410
5480
7705
9528
10038
8879
6957
4670
3050
2272
1311
227
-13
920
2334
2875
1311
-1116
-3575
-5779
-5811
-3747
-1946
-1147
-607
-72
1121
2352
2267
2230
3536
4529
3712
1581
-723
-2224
-3116
-3230
-3141
-4034
-4275
-2230
1321
4158
4867
3726
1747
671
1042
2267
3765
4620
4553
4044
3851
3935
3572
3703
4844
4733
2649
527
-982
-1645
-1856
-2991
-4312
-4579
-4510
-4908
-5053
-4822
-4037
-1863
541
1590
1681
1912
2683
2823
2934
4257
5850
6038
4901
4784
6149
5985
3444
-468
-5094
-8499
-8569
-6390
-5483
-5346
-5007
-5489
-6946
-8791
-9866
-10073
-9900
-9527
-7759
-3576
2219
6729
7881
7003
7386
8847
7932
4047
-386
-3212
-4407
-5437
-5959
-4467
-1376
1865
3883
4648
5576
6179
5182
2862
1620
2589
4602
6427
7433
8196
8075
6185
2944
-686
-4237
-7764
-11012
-13817
-15899
-16040
-13209
-7835
-2206
1733
3310
2754
1424
630
1971
5590
10873
15744
17554
15827
11304
4575
-2034
-6033
-7317
-6614
-5713
-4427
-1982
547
1474
-43
-2979
-5487
-5058
-2392
61
2119
3961
5252
4612
1438
-2001
-3418
-2712
-1198
-343
-853
-2979
-5946
-8606
-10307
-9845
-7033
-4161
-1798
1680
5999
10033
12964
13632
11076
6104
1143
-1080
166
1423
553
-765
-1074
-166
507
55
-133
1285
2925
3532
4231
4714
4575
4676
3449
929
-1250
-3446
-6309
-10276
-14410
-16268
-14498
-10207
-6237
-2986
252
1185
625
2422
6131
8827
10345
11439
10772
8346
5363
2448
-208
-2569
-3823
-4287
-5142
-5322
-4144
-2125
387
3279
6195
8350
8130
4952
1027
-1367
-1214
-521
-1417
-3459
-4382
-2688
173
1212
997
2691
5563
7280
7244
5813
4423
2814
850
-1433
-6707
-13424
-15773
-12701
-7299
-3965
-4506
-7883
-11200
-10013
-4815
90
3734
8051
11335
11536
8768
4026
1235
2841
5441
5429
2088
-1851
-4660
-6925
-6954
-3385
1461
5224
7123
6673
5515
3961
491
-3627
-6992
-9824
-13576
-17146
-16722
-11172
-2772
5380
11247
14613
15846
15185
13301
9695
4220
-567
-3855
-5592
-4844
-3093
-1368
583
2566
3968
2941
-234
-2704
-4007
-7083
-12108
-14151
-11435
-7537
-4314
-757
3004
4685
3416
2027
1620
872
-1403
-4866
-6648
-4443
275
3893
5219
4726
2904
682
-913
-1223
-898
-113
1931
4583
5775
5705
6577
8821
10595
9643
5684
55
-5005
-7638
-8551
-8615
-6907
-2811
2016
4310
2584
-1835
-5294
-5339
-3050
-1482
-1975
-3921
-5206
-4587
-3843
-5014
-6970
-7861
-7165
-5273
-3416
-1195
1325
3167
3503
2958
2263
696
-1463
-3216
-3288
-1976
-1200
-1394
-2271
-2525
-606
2623
5800
8786
11021
12028
11752
10919
9972
9045
7960
6568
5823
6271
7155
7659
8033
7912
6664
4521
3160
3475
3883
2690
511
-804
-1095
-1497
-2024
-2063
-2179
-2659
-2864
-2576
-2383
-2464
-2820
-2572
-1474
-1405
-3040
-5135
-5771
-4955
-4093
-3920
-4291
-5037
-6469
-8353
-9203
-8838
-8038
-6995
-5987
-4956
-3199
-1118
336
1122
1179
185
-1019
-2127
-2082
-1151
-1244
-1557
-975
925
3600
5223
4335
1700
-996
-2528
-3292
-4156
-4137
-2620
-524
700
434
-356
-1235
-2955
-4722
-3819
318
4449
6038
5274
4261
4245
4817
4930
4332
3845
3053
2248
2166
2669
3234
3566
3479
2905
1659
579
905
1399
147
-2710
-4508
-3812
-1742
-173
16
-304
-218
287
-114
-1524
-2610
-2853
-2891
-2317
-1593
-999
-1198
-1768
-977
802
2336
3090
2456
865
-574
-975
-553
-438
-474
115
1424
2371
2750
3670
4162
3625
3148
2337
1019
114
-278
-1206
-2708
-3639
-3811
-4198
-4863
-4569
-3063
-2080
-1737
-1317
-1201
-1508
-2502
-3403
-3257
-1953
-713
-188
-638
-1880
-2436
-1712
-955
-1021
-1393
-1767
-1608
-1260
-1123
-890
-407
891
3018
4309
3434
1430
207
332
986
831
564
1168
1961
2855
3308
3306
3414
3025
1553
-507
-2108
-2938
-2629
-1205
-186
-995
-1793
-922
522
788
-40
-18
567
1071
1323
1512
1826
1852
1655
2512
4606
5832
5760
5723
6814
8768
10681
11752
12010
11770
11782
13948
18614
25042
30835
32767
30766
23745
9944
-4987
-16867
-24879
-28966
-31740
-32767
-32748
-32766
-32767
-32765
-32644
-31586
-28961
-26277
-23656
-20208
-17032
-14408
-11935
-9417
-6231
-2705
1335
6126
11055
15217
18787
21864
23901
24551
23599
22161
20540
18520
16176
14238
12573
10922
9349
7413
5940
4970
3941
3189
2798
2181
1494
751
-415
-1802
-2950
-3938
-4190
-3983
-3799
-3217
-2501
-1482
-566
431
1315
1491
1061
703
674
402
-56
-570
-870
-890
-810
-439
290
532
374
640
982
1277
1307
996
419
-54
-708
-1347
-1465
-1396
-1140
-1020
-1520
-2255
-2658
-2688
-2685
-3054
-3457
-3948
-4005
-3572
-3158
-2763
-2635
-2680
-2395
-1904
-1435
-1140
-1229
-1448
-1704
-1760
-1665
-1627
-1773
-2142
-2134
-1593
-990
-527
-588
-617
239
1201
2186
3060
3427
3843
4240
4115
3445
3149
2815
2448
2357
2355
2607
2982
3313
3524
3547
3427
3559
3495
3021
2545
1887
1565
1263
740
210
-192
-460
-564
-755
-766
-678
-200
640
1184
1582
1955
2402
2742
2792
2558
2440
2775
3038
3329
3645
3852
4084
4337
4512
4395
4342
4411
4285
4274
4093
3653
3320
2824
2435
1862
1466
1243
800
569
387
206
63
-584
-1403
-1776
-1711
-988
-224
248
330
101
-655
-1550
-2422
-3317
-3492
-3432
-3340
-2929
-2513
-2177
-1600
-1257
-1316
-1437
-1523
-1545
-1684
-1967
-2297
-2465
-2501
-2458
-2491
-2372
-2205
-2026
-1946
-1678
-1488
-1541
-1549
-1723
-1818
-1852
-1865
-2018
-2069
-1891
-1609
-1268
-1087
-944
-783
-493
-232
-110
-54
-118
-192
-314
-444
-463
-646
-872
-981
-1154
-1393
-1428
-1263
-1086
-790
-687
-782
-809
-727
-525
-347
-138
-232
45
210
68
306
301
257
353
289
209
346
141
-175
-157
-219
-90
119
27
-150
-278
-286
-392
-129
159
288
500
510
702
829
813
754
805
619
356
315
145
260
154
-130
-325
-528
-583
-617
-474
-221
-220
-248
-209
-379
-361
-371
-484
-344
-352
-400
-462
-639
-703
-712
-709
-778
-749
-663
-492
-184
38
189
347
622
758
559
602
591
619
585
216
-13
-327
-641
-907
-1217
-1441
-1680
-2027
-2305
-2598
-2807
-2815
-3075
-3216
-3195
-3397
-3322
-3044
-2739
-2408
-2176
-1711
-1156
-749
-678
-486
-197
-9
162
100
-119
-40
165
165
-111
-477
-760
-648
-578
-941
-1059
-990
-975
-869
-1261
-1629
-1645
-1828
-1748
-1809
-1921
-1891
-1996
-1847
-1821
-1654
-1298
-1056
-563
-353
-86
467
792
969
998
1403
1850
1844
1761
1687
1835
2168
2171
2145
2336
2497
2830
3203
3159
3081
3429
3766
4108
4186
3962
3727
3700
3769
3510
3310
3182
3136
3143
3100
2630
2132
1819
1460
1395
1183
905
969
981
1051
826
402
171
-29
-135
-500
-1000
-1192
-1501
-1560
-1230
-695
157
825
1204
1422
1692
1676
1550
1300
609
177
-27
-188
-180
-196
-121
-63
-307
-533
-775
-536
-104
-123
-319
-758
-976
-1003
-1256
-1562
-2124
-2566
-2772
-3082
-3250
-3375
-3475
-3480
-3531
-3692
-3561
-3239
-2838
-2492
-2430
-2469
-2577
-2443
-2162
-2096
-1700
-1104
-406
270
668
968
1347
1582
1792
1797
1453
1331
1180
1036
835
440
456
385
173
220
35
-332
-660
-1065
-1254
-1042
-804
-696
-617
-628
-737
-1036
-1068
-1152
-858
-367
44
527
752
1098
1181
1432
1428
1136
800
305
-126
-414
-502
-460
-184
198
693
1193
1270
1010
1094
1288
1478
1808
1752
1747
2154
2556
2774
2704
2361
2162
2016
2035
2060
1815
1622
1472
1448
1266
948
201
-933
-1716
-2615
-3350
-3630
-4017
-4495
-4957
-5101
-4673
-3726
-2656
-1447
-23
1143
1939
2564
2516
2530
2855
2791
2369
1441
406
107
5
-292
-415
-530
-692
-1033
-1964
-2567
-2588
-2809
-3025
-3217
-3293
-2663
-1714
-1186
-1032
-1293
-1439
-1095
-492
483
1472
2405
2974
3211
3179
2762
2570
3116
3720
3913
3633
3232
3141
3175
3307
3026
2591
2192
1435
657
175
282
917
1739
2114
2234
2733
3375
3860
4033
3579
2979
2349
724
-1126
-3147
-4841
-5295
-5093
-4735
-4452
-3959
-3189
-1592
260
1575
2636
3437
4053
4672
4914
4236
2656
805
-1042
-2442
-2996
-3193
-3673
-4332
-4752
-4889
-4305
-3284
-2151
-1162
-662
-285
125
640
1036
1403
1496
1402
1450
1442
1606
1967
1945
1483
1174
909
864
479
-506
-2216
-4266
-5674
-6544
-6300
-5097
-3912
-3145
-2761
-2221
-1665
-1444
-1261
-1070
-627
124
926
1320
1120
837
380
337
745
831
454
-312
-1302
-2179
-2688
-2945
-3043
-2984
-2807
-2748
-2680
-2626
-2460
-2073
-1471
-890
-336
588
1425
1835
1985
1678
1159
931
587
257
52
-239
-49
219
286
491
730
718
641
499
363
555
999
1199
1246
1197
1173
1611
1936
1958
1921
1937
1911
1605
1278
860
465
256
155
16
-171
-333
-187
41
309
482
484
482
657
971
990
786
605
835
1213
1330
1335
1164
1108
1299
1222
1146
1367
1292
1308
1098
591
518
595
654
738
715
402
393
459
578
733
1169
1463
1527
1456
1065
945
692
405
153
-158
-308
-421
-609
-904
-1078
-1028
-804
-603
-551
-449
-70
131
156
-327
-936
-1160
-1359
-1294
-1299
-1218
-841
-278
356
608
607
780
940
853
714
486
604
1025
1068
686
374
197
165
-115
-750
-1360
-1705
-1799
-1629
-1496
-1392
-1083
-814
-590
-720
-857
-707
-524
-571
-884
-1110
-1089
-750
-394
63
466
1048
1671
2140
2502
2587
2648
2684
2629
2372
2121
1985
1686
1482
1135
774
667
437
229
29
-324
-746
-1171
-1691
-2277
-2724
-3001
-3244
-3478
-3757
-4157
-4352
-4423
-4411
-4291
-4416
-4405
-4339
-4294
-3939
-3557
-3216
-3114
-3077
-2987
-2957
-2815
-2710
-2610
-2714
-2585
-2357
-2177
-2034
-2177
-2441
-2630
-3123
-3812
-4500
-5295
-6002
-6478
-7226
-7839
-8337
-9188
-9858
-10426
-10294
-9017
-6787
-4980
-4292
-3795
-2658
-875
736
2567
4704
7315
10607
14495
19120
23300
26059
27674
27768
26710
24802
22225
19463
16423
13325
10535
7977
5318
2487
-518
-3318
-5341
-6305
-6893
-7241
-7073
-6631
-5608
-4211
-2636
-1078
457
1953
3335
4877
6162
7256
8087
8173
7415
6429
5621
4624
3879
3028
2128
1576
1278
1087
838
538
49
-838
-1986
-3170
-4118
-4793
-5302
-5556
-5404
-4835
-3972
-2532
-1265
-205
786
1539
2343
2946
3234
3350
3383
3281
2961
2625
2523
2562
2713
2444
2062
1733
1717
2109
2477
2527
2338
2262
2052
1659
1353
420
-1084
-2432
-3400
-3882
-4320
-4909
-4952
-4700
-4801
-5531
-6656
-7590
-8818
-10627
-12598
-14062
-15122
-16595
-17890
-18130
-17301
-16196
-15539
-15119
-14443
-12933
-11092
-9935
-9617
-9764
-9799
-9299
-8492
-8316
-8408
-8572
-9109
-9435
-9183
-8397
-7359
-6331
-5345
-4435
-3220
-1273
686
1731
1860
1681
1906
2644
3210
2939
2059
1218
1167
1374
1824
2670
3475
4183
4232
3667
3070
3341
4535
6112
7729
8570
8437
7371
5946
4615
4098
5309
7993
10568
11495
10821
9963
9644
9450
9483
9880
10543
10564
9445
7733
5960
4797
4734
5184
5533
5109
4663
4914
4980
4859
4550
4583
4660
4006
3266
2974
2955
2871
2612
1873
1507
2087
3610
5543
6708
6380
5822
5682
4882
3790
2896
1907
573
-966
-1850
-1676
-701
-107
-739
-1395
-1343
-914
-219
306
-229
-2006
-3507
-4278
-5207
-5278
-4579
-3336
-1226
967
2820
4101
3761
2030
-689
-3252
-5115
-6527
-7115
-6421
-4572
-2569
-508
1106
1672
1143
360
-629
-2441
-3858
-3812
-2840
-1881
-1856
-2999
-5092
-7710
-9033
-9063
-7995
-6398
-5105
-4342
-3854
-3371
-2763
-2723
-3643
-4584
-5004
-4764
-4053
-2612
-850
753
1369
770
-183
-931
-1980
-3136
-3717
-3866
-3690
-3103
-1057
1860
4360
5496
4617
3270
2451
1925
961
-1332
-3937
-4642
-3378
-2445
-2335
-2260
-1800
-641
960
2791
3871
3800
3533
3047
2193
1656
1367
1513
2668
4724
6367
6528
4765
2373
411
-1295
-2231
-2778
-3481
-3943
-3620
-2804
-1822
-598
612
1388
1968
2764
4330
6535
8299
9546
10524
10631
9236
6690
3388
558
229
1212
1570
1092
-418
-1749
-1378
-85
279
-673
-2252
-4086
-5037
-4573
-3335
-2758
-3510
-4318
-4642
-4312
-2934
-1022
699
1501
1277
-729
-4152
-6095
-5409
-2504
1250
4369
6814
7753
6855
5670
4431
2714
1181
651
1619
2783
2496
1629
597
-979
-3310
-5921
-7475
-7290
-6476
-6374
-5308
-3266
-1907
-1116
4
581
-946
-2685
-1242
2971
6250
6833
4899
1852
-177
-380
723
2508
3314
1353
-2323
-5400
-6234
-5666
-4651
-3086
-1567
-160
992
1659
1974
1789
2301
3339
3436
2715
784
-2432
-4819
-4796
-2992
-1152
66
1554
3698
5639
6090
4244
987
-1703
-2979
-2909
-1470
288
1414
2872
4968
6886
8356
8735
8360
8078
7248
4462
-596
-5151
-6778
-6264
-6202
-7820
-9497
-9423
-8282
-7193
-4396
606
3992
3550
1700
273
-1129
-2339
-2322
-1742
-1441
-529
91
-1022
-3651
-6312
-7342
-5725
-2370
934
2890
3261
3636
5534
9434
13309
15564
15990
13551
8413
3018
-1132
-5095
-7806
-8229
-6980
-4591
-2409
-218
1495
1829
3401
7758
11896
12489
9177
4288
-61
-3500
-5476
-5060
-3050
-1739
-924
-333
-789
-2839
-6164
-8050
-7082
-5974
-7222
-8731
-8001
-7035
-7393
-7035
-6153
-6118
-5983
-3730
240
4295
6581
6544
4864
2106
-768
-3055
-3419
-738
3996
7245
7829
7977
8268
8327
8678
8679
6512
1357
-5492
-12058
-15622
-15139
-12409
-8177
-3875
-66
3282
5560
8905
13818
15708
11458
3578
-4413
-9038
-8056
-4412
-3705
-6438
-8849
-8297
-3764
1044
1859
-1283
-4823
-5323
-2503
1581
4975
7441
8880
9102
8782
8379
7478
5707
2874
-243
-2800
-4373
-5234
-6232
-6992
-6999
-6754
-6258
-5777
-5668
-5876
-6309
-5661
-3155
81
3382
6590
8737
8958
7993
4894
-388
-4280
-4786
-1999
2269
5389
8164
11516
13300
12275
7861
2353
-263
-17
784
362
-2118
-5812
-10799
-15619
-16190
-13058
-9652
-6822
-5174
-4017
-1204
2819
5946
7815
8451
7786
5393
2392
1659
3878
6616
7609
5941
2129
-2043
-5418
-6779
-4652
-341
2811
3293
1742
150
-287
-645
-2488
-4700
-6665
-8708
-9445
-9226
-8940
-8216
-6530
-4175
-313
5398
8675
6245
969
-2933
-4606
-4862
-4425
-2565
174
1773
2383
3323
5683
8055
7960
6319
5986
7869
10412
11990
12322
10297
4548
-2191
-6428
-8314
-8157
-6008
-3495
-1395
99
405
-833
-2897
-4653
-4696
-3847
-3918
-4438
-4899
-4315
-3162
-2333
-1975
-2194
-2729
-4167
-6523
-8532
-9814
-11350
-12467
-10164
-5593
-3196
-1250
2625
7598
11756
13337
13055
12041
10738
9278
7183
4834
3625
4098
5477
6585
6300
4771
3432
3773
5746
7741
8068
6850
4752
2762
2251
2655
2142
327
-2029
-3465
-3832
-3987
-3743
-3123
-2477
-1844
-127
2400
4675
6540
7939
8901
9181
8423
6650
4395
2613
1289
-1171
-5123
-8470
-9857
-9965
-9828
-9299
-8438
-7507
-6245
-4158
-2653
-2847
-3566
-3362
-2329
-1939
-3474
-6076
-8254
-8961
-8314
-6650
-4225
-1906
-503
202
868
1896
4057
6071
6518
5222
3278
2095
1733
1488
723
-18
-649
-1513
-2022
-1710
-1216
-972
-888
-794
-604
-220
-227
-298
-254
-1217
-1886
-1069
-220
-24
-691
-1684
-2772
-3697
-3519
-1990
-99
2065
4278
5042
4355
3390
3202
3870
5029
5623
5215
3511
213
-3094
-4170
-1892
2161
4452
3896
2468
1619
1259
1004
1148
1891
3142
4110
2996
-29
-3360
-5434
-6276
-6242
-5008
-3974
-4496
-5331
-5483
-5128
-4465
-3513
-2465
-2104
-1787
-1223
-1058
-1001
-232
476
99
92
812
1403
1943
2673
3027
2347
522
-1816
-3361
-3447
-2620
-1576
-736
-50
819
1552
1821
1623
958
-386
-1593
-1534
-745
-857
-2097
-3403
-3543
-1972
-479
-46
205
0
-667
-1382
-1820
-2287
-2117
-696
490
1085
1372
1702
2469
4446
7434
9340
10141
10348
10662
11629
11880
11136
10416
10399
11331
12700
13449
15105
18792
23038
27230
30353
30857
26726
16843
2585
-11714
-21887
-27868
-31633
-32768
-32745
-32768
-32758
-32768
-32761
-32746
-32446
-31444
-29822
-27798
-25103
-21931
-18762
-15576
-12229
-8628
-4922
-1004
3972
9368
14535
18990
22181
24274
25132
23898
21390
18339
15121
12482
10252
8422
7464
7386
7104
6272
5287
4441
4132
3725
2466
1201
-27
-995
-1494
-1988
-2203
-2267
-1791
-672
836
2346
3749
4814
5426
5520
4770
3853
3120
2615
2322
2217
2116
1811
1697
1906
2708
3242
3036
2564
1822
1512
1652
1930
1872
948
171
-552
-917
-789
-1038
-1195
-1602
-1916
-1957
-2316
-2953
-3473
-4045
-4594
-4782
-4655
-4271
-4057
-3855
-3726
-3793
-3726
-3574
-3558
-3745
-4026
-4153
-4043
-3428
-2848
-2768
-3291
-4069
-3949
-3179
-2347
-1722
-1686
-1216
-362
499
1187
1696
2125
2768
3575
4441
5023
5130
5136
5229
5346
5063
4708
4364
3955
3794
3740
3426
3070
2805
2407
1978
1622
1486
1726
1998
1960
1864
1683
1671
1852
1967
2065
2147
2076
1877
1838
1885
1816
1786
1693
1672
1654
1611
1641
1527
1551
1911
2089
2426
2442
2123
2416
2832
3085
3111
3120
2937
2831
2789
2445
2373
2423
2538
2608
2388
1956
1420
767
-132
-1183
-2226
-3343
-4376
-4857
-4417
-3514
-2533
-1817
-1673
-1908
-2540
-3026
-3408
-3536
-3668
-3706
-3248
-2762
-2184
-2043
-1945
-1733
-1759
-1686
-1721
-1626
-1575
-1734
-1654
-1631
-1284
-846
-883
-1035
-1281
-1330
-1235
-1066
-934
-910
-972
-1001
-903
-982
-1293
-1468
-1287
-1248
-1125
-1396
-1571
-1220
-1237
-1296
-1305
-1291
-1095
-1009
-1078
-1100
-1050
-853
-1013
-1258
-1477
-1672
-1484
-1522
-1573
-1603
-1693
-1647
-1674
-1707
-1612
-1397
-998
-778
-408
-132
157
519
731
1073
1315
1511
1626
1456
1388
1459
1306
1243
1312
1303
1482
1618
1523
1414
1244
1004
1081
1271
1291
1144
874
890
1108
1150
1001
932
838
826
732
494
420
377
349
334
178
-145
-310
-122
-206
-307
-275
-376
-265
-73
-188
-148
-31
-60
57
72
-245
-426
-508
-607
-684
-872
-952
-911
-985
-1157
-905
-463
-229
-56
18
122
334
605
564
565
408
119
104
-83
-403
-787
-1184
-1421
-1563
-1826
-2230
-2401
-2543
-2692
-2661
-2744
-2693
-2744
-2866
-2950
-3245
-3237
-3032
-2995
-2716
-2494
-2621
-2483
-2414
-2376
-2210
-2243
-2280
-2134
-1895
-1771
-1522
-1301
-1178
-944
-857
-748
-564
-400
-502
-601
-467
-156
199
595
900
1043
1171
1181
977
814
829
819
659
394
133
69
353
776
1066
1369
1534
1894
2270
2614
2804
2999
3406
3637
3781
3859
4004
4220
4634
4932
5156
5508
5759
5844
6160
6383
6331
6307
5889
5514
5186
4688
4230
3740
2856
2112
1536
679
-112
-836
-1583
-2076
-2255
-2359
-2440
-2701
-2841
-2898
-2847
-2816
-2962
-3128
-3188
-3013
-2874
-2705
-2465
-2132
-1889
-1849
-1976
-2235
-2362
-2429
-2537
-2411
-2447
-2638
-2932
-3210
-3162
-3029
-2680
-2345
-1925
-1663
-1659
-1648
-1613
-1247
-1124
-1168
-1290
-1609
-1495
-1252
-939
-431
-58
337
642
855
1058
1449
1790
2029
2591
2851
2991
2966
2610
2274
1963
1579
1053
608
284
69
-243
-735
-1156
-1413
-1405
-1561
-1862
-2200
-2354
-2339
-2276
-2361
-2437
-2522
-2485
-2322
-2319
-2004
-1661
-1322
-1023
-987
-840
-496
52
401
820
1284
1667
1948
2147
2308
2657
3073
3204
2914
2782
2830
2887
2942
2786
2483
2233
2093
1865
1812
1720
1735
1858
2119
2276
2179
2049
1844
1804
1573
1493
1688
1780
1962
2049
2117
2217
2451
2557
2540
2642
2565
2242
1838
1525
1264
1024
624
236
-158
-564
-829
-1057
-1205
-1238
-1407
-1496
-1484
-1705
-1696
-1678
-1869
-1809
-1534
-1176
-1010
-1183
-1312
-1057
-1117
-1332
-1528
-1679
-1769
-1954
-2346
-2826
-3005
-3055
-3098
-2877
-2649
-2445
-2137
-1921
-1673
-1158
-744
-406
-34
194
364
551
512
347
288
-123
-348
-619
-1122
-1304
-1401
-1418
-1152
-1018
-859
-592
-67
460
439
180
165
251
191
263
467
611
578
675
984
1099
1110
1138
1325
1461
1542
1554
1586
1707
1540
1073
626
265
397
312
160
-118
-372
-246
-318
-480
-655
-987
-1205
-1476
-1538
-1491
-1476
-1248
-1333
-1212
-1011
-919
-564
-323
-246
81
494
651
809
922
923
1367
2068
2404
2565
2583
2459
2277
1981
1529
1308
1210
1245
1312
1229
1148
1110
1347
1664
1968
2077
1922
1668
1527
1563
1442
1465
1606
1517
1275
871
544
403
241
-69
-611
-1246
-1685
-2164
-2742
-2965
-2944
-2720
-2613
-2615
-2521
-2336
-1858
-1333
-860
-567
-363
-73
162
267
433
623
931
871
887
780
620
767
671
510
385
365
311
60
-273
-542
-633
-553
-789
-806
-724
-705
-465
-408
-284
-187
-327
-326
-278
-416
-394
-155
-125
-225
-167
-325
-643
-744
-1062
-1341
-1589
-1725
-1535
-1586
-1733
-1775
-1502
-1132
-885
-736
-591
-201
183
349
232
232
586
1028
1209
1317
1177
968
1092
1071
994
1037
746
171
-110
-164
-73
234
591
806
1273
1418
1595
2191
2484
2704
2827
2790
2738
2817
2822
2704
2605
2368
1959
1621
946
167
-443
-1185
-1628
-1859
-1994
-2060
-2000
-1907
-1868
-1642
-1286
-1023
-1014
-1113
-1259
-1646
-2014
-2275
-2566
-2641
-2463
-2574
-2749
-2970
-2976
-2747
-2674
-2782
-2812
-2591
-2156
-1597
-1156
-1008
-1043
-926
-758
-493
-70
171
244
353
474
790
1188
1340
1467
1811
2012
2177
2586
2590
2769
2685
2326
2419
2505
2520
2543
2371
2119
2081
1917
1670
1549
1566
1656
1622
1341
1033
821
468
56
-488
-1037
-1439
-1791
-2000
-2111
-1955
-1636
-1359
-1273
-1252
-1265
-1178
-1206
-1298
-1564
-1968
-2111
-2290
-2535
-2776
-2965
-2859
-2689
-2679
-2531
-2418
-2155
-1891
-1722
-1488
-1303
-925
-679
-375
-383
-303
-47
-138
-164
-29
-127
-239
-133
-209
-259
-77
224
504
774
698
547
569
674
687
747
816
788
712
701
619
690
796
923
1050
950
1113
1292
1307
1509
1720
1827
1838
1981
1933
1905
1970
1932
1764
1679
1665
1573
1764
1682
1384
1172
1105
1038
865
615
162
-26
70
-84
-237
-316
-354
-167
-45
-195
-71
-31
-173
-246
-442
-750
-960
-1123
-1378
-1499
-1386
-1446
-1428
-1384
-1259
-1110
-947
-519
-253
26
20
22
192
163
354
399
208
239
325
265
267
291
385
443
507
577
615
567
326
263
295
374
330
306
379
352
357
407
169
103
225
116
152
128
-146
-460
-643
-605
-661
-837
-1056
-1166
-1146
-1193
-1318
-1182
-1015
-726
-430
-266
9
211
514
609
819
880
966
1214
1361
1495
1410
1272
1057
861
827
688
640
452
269
355
142
260
558
942
1365
1582
1670
1775
2142
2520
2523
2428
2391
2090
2103
2303
2301
2372
2273
2179
2200
2165
1818
1436
1158
821
685
479
163
164
115
-156
-219
-238
-561
-794
-895
-997
-1085
-1457
-1944
-2169
-2423
-2676
-2833
-3074
-3307
-3202
-3468
-3751
-3916
-4298
-4197
-4200
-4488
-4791
-4954
-5096
-5299
-5517
-5939
-6206
-5924
-5576
-5689
-5900
-5767
-5232
-4436
-3886
-4121
-4283
-4105
-3890
-3886
-4178
-4565
-5155
-5864
-6864
-7727
-8261
-8763
-9632
-10636
-11302
-11993
-13092
-14057
-13145
-9204
-2809
4259
10439
13875
15896
18515
22239
26174
28344
28082
25879
22782
19602
16794
14886
13893
13058
12192
11174
10174
8855
6862
4141
1017
-1870
-4215
-5935
-7140
-7594
-7423
-6508
-4774
-2761
-677
1163
2874
4365
5348
6001
6649
7123
7472
7620
7553
7397
7465
7563
7416
7476
7505
7777
8163
8232
8112
7325
6541
5727
4070
2216
242
-1723
-3253
-4451
-4712
-4451
-4159
-4034
-3867
-3547
-3195
-2860
-2516
-2541
-2734
-2658
-2876
-2971
-3356
-3166
-2448
-1937
-915
267
1622
2711
3418
3958
4180
3857
3253
2682
2042
1397
651
-578
-2179
-3903
-6094
-8453
-10551
-12548
-14467
-15891
-16829
-17069
-16670
-16557
-17054
-17576
-17211
-15532
-12662
-10300
-9550
-10063
-11066
-11520
-11223
-10397
-9151
-7921
-6929
-6176
-5465
-4404
-3595
-3711
-4171
-4646
-5117
-5598
-5935
-6445
-6938
-6577
-5423
-3977
-2276
-556
540
1008
1608
2308
2876
3248
3593
3939
4263
4783
5060
4905
4417
3679
3085
2454
1734
1191
1385
1607
1044
562
1249
2511
3700
4302
3966
3473
3179
3491
4725
6992
9338
10919
11949
12396
12482
12374
11712
10548
9597
9499
10598
12215
13364
13210
11271
8745
7468
7063
5593
3170
871
-399
-555
-612
-389
582
1416
1721
1899
2166
2375
2466
2530
1959
1022
-150
-1126
-1340
-1445
-858
843
2713
4203
5600
5988
5260
4290
3633
2893
1625
463
-84
-217
-296
-238
-466
-1431
-2737
-3920
-4525
-4096
-3063
-1990
-1349
-1292
-1136
-1734
-3527
-5526
-6758
-6487
-5337
-4159
-3332
-2736
-2552
-2289
-1922
-2325
-3692
-5012
-5744
-5826
-5250
-3918
-2197
-850
-750
-1711
-3047
-4069
-4868
-5441
-5630
-5464
-4391
-3394
-3271
-3376
-3065
-2171
-1137
-412
-458
-1124
-1995
-2790
-3044
-2904
-3035
-2872
-1975
-501
1283
2425
2254
1092
837
2648
4612
4155
1149
-1865
-2698
-2100
-2141
-2978
-3580
-3126
-1706
-773
-846
-174
2124
5079
6736
5457
2425
320
383
943
-22
-2642
-5385
-6160
-4590
-1877
486
1705
2432
2943
3078
3253
3101
2566
1796
1050
758
945
2630
5246
6236
6343
7732
8903
8673
7163
4464
1874
522
-943
-3352
-5556
-7369
-7748
-6113
-3985
-1792
743
3896
6622
7847
7484
5433
3490
3402
3736
4152
4818
4950
4662
4010
3305
2653
1437
-77
-1143
-1914
-3382
-5476
-7203
-8724
-9368
-9267
-8671
-7571
-6661
-4461
-679
2903
4316
3014
1225
327
1141
3454
4833
3961
1547
-1061
-4275
-7108
-7147
-5270
-3363
-2061
-451
2222
3790
3542
1941
-138
-1426
-2643
-4334
-5915
-7161
-7537
-6829
-5097
-2880
-194
3133
6652
10001
11702
11121
8882
5390
2306
995
1387
2000
1880
1928
2483
2687
2642
2600
2914
2322
-530
-2604
-2795
-3452
-6085
-8825
-8869
-7560
-7322
-7647
-7283
-5582
-2911
232
2675
2956
1636
889
1735
2809
3961
5348
5489
3881
2486
2421
3671
6003
8679
9176
6284
2362
-1468
-4568
-6093
-6130
-6088
-7081
-7696
-7955
-7771
-5972
-3081
-1147
-579
49
1114
1960
2881
4825
6793
7522
7704
9079
10483
9854
7005
2756
-1077
-3393
-4140
-2776
-164
1146
-226
-3313
-6224
-6914
-4384
-156
3545
5463
5620
5898
7610
9701
9704
5525
-332
-4818
-8496
-11469
-13278
-14610
-14713
-13123
-10578
-8020
-5670
-3032
72
915
-2187
-3821
211
7337
12869
14525
13278
11079
8756
6200
3256
-147
-4493
-8426
-9623
-8395
-6944
-5376
-2124
2079
4890
5539
5541
6681
8521
9029
8981
8987
7036
3623
574
-784
-596
-358
-364
-289
-1322
-4717
-10052
-12929
-11092
-6707
-1774
583
-1431
-5521
-8028
-7810
-5175
-936
3101
5396
6039
6443
6015
4952
2958
-57
-2517
-3008
649
7672
13392
13696
8926
2944
-797
-2815
-5590
-7446
-6720
-4004
-446
1836
1609
298
-1152
-2257
-3072
-4845
-8120
-9887
-6595
485
6861
9632
10421
10344
9344
8009
4851
-133
-3877
-5938
-6358
-6207
-5465
-2995
10
2407
4013
4163
2804
1200
-675
-3331
-6761
-8522
-7567
-5692
-2631
1026
3090
2004
-405
-1413
-1440
-2167
-4412
-7415
-9007
-7683
-3716
1805
6222
7586
7218
6210
4310
3019
3425
4965
6286
6832
7706
8184
7047
3217
-2820
-7244
-7348
-2966
3868
7368
4257
-3071
-8439
-8228
-5370
-2789
-2128
-3124
-2323
1486
5191
6064
4819
2019
-2856
-7061
-6962
-3545
770
5077
8592
8770
4690
-927
-4954
-4786
-2679
-3493
-6976
-9048
-8711
-7810
-6486
-4645
-2572
895
5783
10741
13973
12695
6728
-838
-6134
-7739
-7576
-6790
-4247
-938
1109
597
-1463
-1414
1856
6149
8873
7840
3316
-1349
-3453
-2418
53
-216
-3298
-5660
-5745
-3560
-308
3006
5774
5074
1099
-2156
-2651
-513
1867
2283
1460
795
590
606
-447
-2708
-3818
-3011
-1307
-302
-891
-1159
413
1906
1468
-573
-2890
-5261
-7776
-9102
-8967
-7562
-6027
-5298
-3574
-992
284
-680
-1828
-188
4131
8975
12573
14154
14478
13870
12727
11267
9273
6886
4678
3136
2850
3452
3525
2447
1132
248
-952
-2293
-3509
-4743
-6318
-7679
-6901
-4333
-1568
275
1154
1661
2240
2740
2637
2030
2073
3121
3767
2862
309
-2663
-4472
-4953
-4719
-3820
-3247
-3187
-2800
-2282
-2509
-3909
-5103
-4856
-3665
-2536
-1497
-1439
-2726
-4498
-5581
-5234
-4245
-3412
-1916
-577
96
630
295
180
566
414
-636
-1591
-2086
-2696
-2924
-2820
-2727
-3063
-2112
329
3425
5786
5634
4034
2856
3369
5077
6610
7181
7534
8123
8044
6371
3687
1201
-1055
-3335
-4571
-4737
-5131
-6362
-7934
-8684
-7321
-4187
-2106
-1993
-2457
-1958
849
5083
7652
7320
5881
3981
2250
1585
1829
2982
4484
4708
2876
-255
-3390
-4404
-3446
-2189
-1290
-1177
-1996
-2546
-2319
-1834
-2166
-3841
-5899
-7191
-7466
-6330
-3760
-1901
-1436
-1779
-2128
-1293
309
2208
3681
4592
4577
3433
1851
64
-709
136
955
765
105
472
2391
3984
3830
2802
1449
536
556
1586
2577
2354
1700
160
-1646
-1741
-1182
-444
1250
3221
3555
1976
1236
2441
5015
8056
10143
10438
9019
7504
8096
9865
11042
11217
10872
10941
10885
11445
13108
15448
17186
16691
14311
11424
8781
6402
3797
307
-5324
-13423
-22258
-29712
-32765
-32768
-32725
-32192
-30160
-27800
-26651
-25954
-25104
-23386
-21216
-19505
-18577
-17277
-13825
-10332
-8663
-6491
-3040
-161
2059
6609
12066
14013
13147
13096
14600
15584
15257
14854
14443
14102
13744
12663
11255
9889
9291
9292
8545
6474
4151
2559
1641
874
669
965
1611
2836
4086
4723
5102
5755
6210
6284
5555
4199
2901
1933
1351
642
-447
-1514
-2246
-3138
-3779
-3680
-3180
-2525
-2029
-1844
-1637
-1355
-740
124
519
537
-304
-1265
-1222
-581
371
822
563
82
-669
-1808
-3094
-3787
-4080
-4554
-4370
-3638
-2820
-2967
-4112
-4598
-4434
-3943
-3705
-4208
-5109
-5739
-5896
-5361
-4659
-4281
-3953
-3339
-2542
-1977
-1514
-1135
-1024
-969
-318
647
1396
1213
590
648
1167
2062
3238
3814
2989
1692
1161
1801
3338
5241
6791
6909
5700
4825
4957
5958
6102
4670
3178
1658
769
1420
2844
3888
3740
2341
939
1344
3017
3761
3109
2221
1708
1647
1940
3073
4284
4108
2606
1337
2108
3562
4241
3859
2725
1916
1834
2329
3257
3994
3070
955
-209
467
2120
3430
3696
3614
3991
3892
3561
3993
4678
4338
2960
1303
136
-583
-751
47
1092
1136
146
-865
-1881
-2626
-2728
-3001
-3918
-4792
-4895
-4229
-3862
-3515
-2865
-2752
-3698
-5606
-6844
-6881
-6172
-5518
-4646
-3595
-2809
-2066
-1414
-1010
-946
-818
-884
-1108
-1020
-832
-628
-384
-437
-593
-537
-357
-53
106
231
344
188
186
91
-79
-377
-792
-1073
-1189
-1521
-1952
-1815
-1240
-1074
-1524
-1890
-1858
-1666
-1355
-1235
-1310
-1335
-1365
-1444
-1469
-1272
-1252
-1436
-1193
-745
-450
-472
-500
-649
-1086
-939
-205
72
-2
-200
-430
-712
-763
-176
410
610
487
639
742
576
706
1348
2019
1827
1439
1392
1351
1208
1341
1538
1564
1619
1211
445
382
715
750
839
903
731
377
209
567
829
671
456
388
382
188
-6
183
-282
-402
324
593
-87
-572
-510
-471
-434
-540
-898
-1075
-1000
-1218
-1220
-1014
-674
-613
-826
-622
-351
-269
-368
-584
-766
-763
-651
-475
-330
-385
-793
-1038
-1012
-557
45
-156
-464
-662
-1005
-986
-876
-1175
-1402
-1489
-2045
-3273
-4144
-4028
-3884
-3914
-4374
-4728
-4620
-4809
-4758
-4446
-3919
-3919
-4098
-3971
-4176
-3733
-3282
-2939
-2998
-3235
-3433
-3551
-2830
-2461
-2112
-1317
-1002
-1426
-1400
-1317
-1220
-777
-240
778
1353
1400
1579
1934
1981
2085
3006
3361
3434
4694
5900
5650
4921
5060
5117
4808
5107
5624
5542
5713
5972
5981
6272
6087
6293
6997
7126
6979
7576
8727
8903
8786
8693
8003
7656
7681
7790
7514
6492
5499
4282
3299
2335
2348
2919
2116
892
579
630
-173
-715
-852
-2019
-2484
-1756
-2225
-2885
-3143
-3928
-4503
-5029
-5853
-6145
-5634
-6356
-7408
-6792
-5974
-5785
-5638
-6006
-6058
-5341
-5497
-5955
-5533
-4572
-3947
-4129
-4583
-4506
-3967
-3369
-2727
-2356
-1965
-968
-1084
-1658
-282
363
-528
-613
-518
-1359
-1016
509
138
-933
167
1648
202
-2451
-3032
-2738
-3145
-287
5168
6698
3438
-831
-1699
1974
6829
8457
7207
5561
2859
755
1049
2193
1977
524
-570
-1249
-1968
-1829
-1110
-954
-774
-485
-128
-297
-852
289
2491
2706
2137
2131
418
-2552
-4186
-4029
-3658
-3672
-4210
-3434
-1833
-549
1838
3274
1871
-582
-1280
-438
157
512
262
-216
-208
-133
228
838
237
-1963
-3226
-1570
446
434
81
572
1516
2165
3094
3432
1246
-1052
-940
710
1707
1886
2835
2964
2358
2607
3302
2950
1546
447
111
591
1156
2216
3184
2773
2210
2217
1595
-435
-2259
-2812
-2398
-1939
-1733
-1936
-2574
-3031
-2911
-2178
-2147
-3336
-3784
-2916
-1918
-719
179
-209
-600
-111
382
384
271
25
379
2214
3996
4695
4563
3518
2692
2489
2266
1159
-465
-820
309
1278
1359
1204
298
-721
-389
319
412
118
-616
-622
685
932
51
-1174
-3110
-4255
-3755
-3662
-4200
-4377
-3612
-1971
-677
-615
-1760
-2770
-2748
-2145
-1212
-18
188
-411
211
1337
1427
643
-80
-842
-812
57
305
-159
81
1948
3615
3744
3004
2931
3369
3498
3005
2514
2748
2923
2945
2908
2517
1325
210
32
-245
-359
-436
-883
-39
1875
2657
1417
440
507
56
-669
-1736
-2574
-2704
-2286
-1599
-1299
-1656
-2220
-2612
-2591
-2355
-2366
-2300
-1828
-673
631
389
-1140
-2285
-2346
-1990
-1438
-726
-619
-484
442
1140
1163
857
597
524
274
-198
-681
-677
143
1252
1610
856
222
685
721
476
1145
1127
1100
1599
1315
381
103
-55
-554
-667
-868
-1089
-445
-8
88
617
840
667
882
1066
595
540
869
920
1110
1265
385
-532
-582
-1015
-1510
-922
65
249
842
1991
2666
3073
3141
3019
2871
2551
1900
1650
1238
-108
-1332
-1927
-2226
-2692
-2740
-2098
-1491
-1277
-1115
-101
116
-112
221
-176
-486
-590
-1147
-920
-323
-799
-1272
-1103
-1574
-2112
-2247
-2665
-2360
-1253
-933
-831
135
278
-12
166
-53
-489
-275
149
116
-191
-924
-991
-712
-800
-59
482
408
254
132
274
165
22
202
5
-572
-997
-1031
-610
-358
-236
274
702
939
1618
1575
852
1237
1306
733
502
98
-358
-734
-959
-624
179
734
1203
1546
985
529
1280
1222
909
1090
1122
788
256
178
65
-178
191
1291
1773
1241
1184
1268
871
389
-93
-407
-572
-938
-757
-112
516
1035
1399
1568
1768
2241
2647
2846
2901
2689
2664
2131
1324
842
330
447
715
289
-635
-1367
-1816
-2099
-1989
-2374
-2751
-2558
-2317
-2298
-1866
-1372
-1053
-759
-596
-282
156
218
-412
-848
-1634
-2530
-2672
-2869
-3146
-3173
-2604
-2385
-2983
-2695
-2000
-1748
-1506
-1403
-1040
-185
161
-202
-129
-322
-1191
-1689
-1691
-1615
-1395
-785
-512
-22
851
982
1207
1267
1238
1980
2170
2014
2256
1857
837
1053
2105
2169
1874
1897
2007
2338
2925
3243
2784
2270
2093
1514
884
895
383
23
321
284
-3
-463
-122
465
73
-712
-1099
-1089
-1116
-1272
-766
-447
-889
-810
-692
-695
-364
-515
-1356
-1625
-1276
-1669
-1864
-1050
-1177
-2272
-2771
-2813
-2859
-2880
-2603
-2435
-2664
-2261
-1324
-450
-180
354
723
858
1086
521
495
1028
429
-718
-958
-1196
-1717
-1377
-768
-1136
-1129
-821
-915
-106
781
1065
1508
1848
1599
1354
1019
412
100
-207
-318
515
916
717
795
367
343
579
172
171
478
897
1671
1732
1440
1791
1820
2050
2140
1515
1596
1871
1691
1300
854
660
380
-97
-143
-126
-166
-130
-288
-395
-26
130
-71
-100
-66
299
883
1134
1521
2290
2272
1901
1970
1894
1170
642
475
367
714
631
-99
-42
353
-65
-270
-7
-430
-355
-84
-640
-997
-802
-1062
-1301
-992
-996
-1200
-1661
-2319
-1937
-1576
-2043
-2429
-2914
-3322
-2867
-2487
-2637
-2438
-2076
-2263
-2558
-2272
-1877
-1884
-1717
-1577
-1586
-1459
-1442
-1451
-1422
-1219
-881
-586
-475
-366
99
287
130
660
860
187
370
848
422
160
508
1024
1651
1901
2345
3179
3517
3655
4454
4878
4683
4358
3873
3831
3798
3252
2675
2458
2586
2709
2459
2672
2961
2708
3185
3659
3877
3795
2992
2477
2305
2031
1525
1171
755
144
-440
-643
-778
-1089
-1311
-1903
-1943
-1865
-2113
-1805
-1615
-1548
-908
-365
-124
-567
-933
-1026
-1332
-1358
-1526
-1822
-1757
-2000
-2148
-1813
-2109
-2171
-2156
-2167
-1322
-1044
-1189
-1365
-1188
-1162
-1315
-1299
-1424
-1995
-2891
-3215
-3050
-2659
-2405
-2743
-3005
-2932
-3331
-3789
-3600
-3701
-4523
-4969
-5396
-6165
-6819
-7317
-7560
-8185
-9029
-9638
-10539
-11432
-11837
-12829
-13164
-12221
-11200
-8995
-5783
-2891
601
4481
7532
10365
13897
16900
19270
20279
19181
17075
14647
12438
11286
10837
10361
9752
9290
8901
8645
8122
7040
5908
4545
2487
576
-358
-1556
-2593
-2487
-2360
-1908
-989
-211
318
998
1401
1178
1667
2653
3501
3831
4155
4457
4210
3975
4103
4681
5205
5277
5166
5536
5924
6159
6347
6212
6151
5977
5270
3903
2094
640
-666
-1869
-3053
-4036
-4514
-5162
-5358
-4680
-3835
-3810
-3927
-3785
-3652
-3275
-1961
-542
342
988
1209
1650
2024
2362
2875
3012
2706
2893
3225
3257
3886
4042
3745
3642
3109
2072
1052
-401
-1827
-2822
-4413
-6210
-7714
-9187
-10061
-9692
-10257
-11798
-12474
-13353
-14479
-15118
-15525
-15099
-13915
-12418
-11174
-10858
-11498
-11699
-10900
-10584
-9846
-7738
-6650
-6085
-4699
-3313
-2371
-2111
-2193
-1518
-989
-887
-228
-149
-1389
-3146
-3332
-1901
-1101
-980
-554
27
1001
2576
3402
3576
4567
5330
3757
1654
1047
2516
4100
3358
2398
2522
2826
2648
1798
1600
2136
989
-843
-1105
1586
4479
4550
2687
1723
2108
2170
2649
4203
6189
6546
6114
6693
8631
10888
10583
7950
5291
3186
2235
3176
4918
4504
1107
-1792
-1669
1395
3838
3329
2301
2188
3281
4836
5434
4876
4156
3221
3345
5014
5415
4516
3214
2089
1903
2074
1130
-1120
-2090
-1805
-1555
-1170
-1903
-2385
-1254
2235
4081
1081
-2124
-1390
574
1210
-418
-3857
-3824
-2363
-3151
-2468
-1496
-2888
-3543
-1861
1557
4691
4713
2524
1703
2500
3313
2563
72
-464
-1501
-4546
-4899
-4996
-6689
-8236
-8768
-7632
-6675
-8164
-10327
-10357
-7778
-3808
-1110
-124
-553
-1192
-1421
-1814
-1743
-1362
-497
233
-73
-1048
-1504
-797
1191
4037
5512
5690
5379
4507
3722
3529
3602
4341
6293
7577
7647
7821
7615
6235
4593
2773
993
-16
-59
-247
-618
-1404
-3211
-6893
-11547
-13139
-11411
-8139
-4165
-876
-614
-2090
-3349
-3923
-2908
-1708
-1382
-1569
-1654
-2588
-4722
-5840
-5204
-3348
-353
3020
5244
6324
6891
7994
8181
6294
3468
1042
-735
-1521
-498
856
1384
2051
3930
5939
7095
7343
5798
2482
-653
-2547
-3089
-2122
-492
-86
-791
-1616
-2161
-2127
-2312
-2161
-399
1629
3137
4859
6271
6975
7481
7588
7296
6599
4818
2346
998
945
-1078
-4997
-6562
-4061
-751
300
562
834
-1535
-4486
-4650
-3374
-2388
-1856
-1197
-186
1445
2505
2529
1715
341
-1033
-1268
-478
-467
-714
-687
-1589
-2665
-2438
-2640
-3848
-3330
-1563
-495
-131
-253
-419
-71
647
747
-484
-2125
-3063
-3156
-3517
-4265
-3839
-3064
-3115
-2467
414
3297
4053
3407
2416
1107
-607
-2838
-3943
-2158
581
2293
3082
3657
3894
3165
2180
1716
273
-1691
-1645
-1701
-3729
-5313
-5099
-3890
-2389
-551
1966
4309
4900
3557
1605
837
701
-122
-1258
-1362
-194
1734
3142
3132
2806
3277
3392
1590
-2270
-7952
-10659
-8833
-5781
-666
6352
11172
11619
8976
5851
4210
3400
2459
1132
-567
-1692
-2634
-4259
-4940
-4167
-3447
-2746
-1993
-1324
347
2193
2056
275
-1427
-2601
-3064
-2446
-986
-84
339
597
-941
-4935
-7562
-6635
-3988
-1069
994
2791
7023
12854
15276
13045
10042
9373
9983
8736
4169
-1663
-4980
-4229
-1228
1302
2962
3232
1549
-442
-1391
-2635
-5338
-7992
-8890
-8104
-6165
-4216
-2012
302
27
-2593
-5383
-5669
-1978
3799
6923
5536
2593
948
1246
1952
1794
1548
1695
438
-2656
-5486
-5408
-3002
-1679
-1048
-392
-712
-737
183
605
428
486
-352
-3134
-7304
-10280
-9559
-7112
-6555
-6370
-4559
-3631
-4512
-4021
-1078
2733
4508
2501
82
1286
5736
10838
12869
10239
6000
3586
3490
3432
1482
24
378
418
-471
-2315
-4312
-4181
-1562
905
398
-1979
-3084
-2023
12
733
730
2271
4498
5423
5696
3926
-848
-5799
-8905
-8747
-5580
-2362
-1837
-2727
-3341
-3422
-2690
-612
2372
4940
6767
7008
3407
-3001
-7047
-5707
-1950
626
2414
3666
3595
3343
2952
1862
-447
-4149
-6972
-6515
-4400
-3500
-5189
-7670
-7658
-4645
-637
2648
5648
8458
8556
4604
1281
1451
1859
1214
-638
-2540
-1705
2018
5848
6608
3812
1880
3333
3435
-949
-6273
-9156
-10311
-9614
-6229
-2649
-2124
-3273
-2902
-1632
-204
1827
3792
7132
11749
12561
9874
11322
15110
12250
3119
-4995
-7087
-9017
-13133
-11895
-4797
1153
1088
-3987
-8730
-9369
-6541
-2598
3472
9508
10244
6867
2876
44
1299
5592
9422
10454
6373
350
-2212
-1740
-1112
-1829
-2669
-1524
1028
3066
1775
-2260
-4944
-4750
-1850
3012
6614
6083
4388
5014
3088
-4647
-12099
-13442
-8705
-2834
37
-182
-1334
-2262
-3652
-3504
14
3982
4892
2179
-1527
-2813
-2743
-3629
-4531
-4810
-3542
-919
566
1252
2468
4363
5384
3988
502
-2863
-5004
-6564
-6718
-4424
-1234
429
759
1606
2780
4214
5935
6616
6190
4718
2708
1525
2144
3982
5674
7295
8819
9911
10813
10618
9459
7772
4924
1959
109
-1175
-3286
-5723
-7048
-6264
-3646
-2028
-2838
-4140
-4160
-3186
-2100
-1977
-2444
-2249
-3307
-5462
-6567
-6087
-4738
-3331
-2523
-1792
-502
635
1865
3591
4454
3828
3094
2847
2664
1832
195
-2020
-3851
-4428
-4579
-5737
-8050
-9350
-8555
-6828
-6024
-6293
-5600
-3195
-566
1382
2825
4226
5398
4891
3019
747
-1766
-3012
-1607
621
1547
1551
1233
1591
2096
1014
-405
-1034
-1595
-773
450
878
1307
1506
1490
1638
2390
3721
5133
6207
6792
6988
6780
5393
3389
1471
783
910
-34
-1402
-1894
-1996
-1900
-1802
-1777
-2120
-2854
-3598
-4022
-4271
-4606
-5036
-6219
-7673
-8187
-8345
-8624
-7769
-6731
-6431
-5313
-3237
74
3928
6315
7055
6766
6563
6930
6535
4984
3565
2929
2561
2653
3528
4838
5565
4758
2953
1458
1329
2487
3239
2280
187
-1017
-203
398
-499
-1798
-2152
-1933
-2225
-3273
-4522
-5006
-4079
-1554
401
817
689
-151
-1907
-3252
-2558
-961
-48
139
225
-52
-494
-86
1980
4348
6137
6590
5926
5943
7455
9841
11150
12325
14140
15541
15937
15587
15438
16357
19114
23199
27032
28659
26583
20480
12277
2713
-7423
-16161
-23346
-29332
-32390
-32103
-30646
-28871
-27950
-28686
-30286
-31491
-31304
-29780
-27719
-25745
-24044
-22010
-19239
-15714
-11132
-6001
-854
3485
6335
7982
9128
10120
10802
11236
11256
11308
11603
11630
11611
11732
11756
11752
11574
11168
10956
10246
8731
7038
5188
3547
2345
1732
1522
1026
643
1001
1933
3114
3978
4117
3870
3791
3827
3736
3263
2661
2664
2671
2175
1132
-236
-1497
-2106
-1679
-821
-246
66
86
-341
-579
-686
-995
-1247
-1711
-2265
-2506
-2310
-1835
-1390
-1109
-828
-1153
-1658
-1743
-1407
-1434
-1740
-1861
-2117
-2364
-2732
-3076
-3283
-3014
-2569
-2369
-2255
-2328
-2691
-2718
-2601
-2681
-2621
-2426
-2094
-1513
-1065
-932
-595
-360
-59
278
78
-275
-236
-46
217
691
1101
1422
2046
2823
3235
3525
3625
3637
3775
3676
3390
3131
3011
3078
2829
2716
3022
3340
3339
2925
2527
2535
2961
3506
3602
3747
3578
3457
3806
3908
3716
3447
2851
2398
1935
1082
610
-226
-929
-1228
-1278
-1150
-1091
-787
-525
-305
-181
-259
-198
-301
-721
-931
-837
-723
-339
267
829
1342
1834
1692
1428
1215
781
521
386
343
457
342
728
1326
1575
1691
955
-1
-1018
-1762
-1516
-734
209
1022
1649
1835
1434
569
-245
-1194
-2061
-2542
-2783
-2957
-2742
-2129
-1777
-1412
-1163
-1137
-1137
-1260
-1533
-1874
-2283
-2534
-2736
-2767
-2747
-2850
-2847
-2897
-3001
-2840
-2658
-2547
-2051
-1903
-2069
-1891
-1751
-1616
-1500
-1393
-1184
-812
-546
-397
-468
-609
-641
-380
-143
-120
31
377
826
1296
1482
1351
1398
1437
1125
919
877
680
661
811
748
831
858
503
251
-11
-215
-311
-236
-30
99
101
149
498
755
752
660
558
255
232
353
380
139
-35
-227
-414
-492
-248
-228
-560
-512
-362
-232
-296
-253
-129
-133
64
378
446
319
336
310
150
15
-358
-588
-429
-374
-295
-357
-340
-314
-152
64
18
122
131
205
421
320
190
142
85
-54
-303
-417
-657
-913
-788
-901
-1020
-724
-696
-599
-670
-1288
-1731
-1988
-2128
-2347
-2717
-3117
-3700
-4040
-4218
-4710
-5137
-5655
-6212
-6498
-7153
-7780
-7988
-8484
-8899
-9158
-9202
-8899
-8971
-9469
-9477
-8600
-8082
-7873
-7683
-6845
-5481
-4328
-3618
-2840
-1830
-708
531
1564
2632
3530
4502
5587
6347
6990
7636
8282
9090
9747
10209
10470
10701
11489
11996
12169
12181
12167
12122
12025
11941
11680
11680
11714
11428
10896
10539
9970
9429
8902
8091
7381
6684
6083
5647
5163
4730
4283
3802
3191
2491
2018
1364
571
96
-493
-1018
-1389
-1793
-1944
-2195
-2392
-2503
-2596
-2585
-3047
-3347
-3538
-4196
-4506
-4742
-4976
-5045
-4650
-4164
-4047
-3844
-3462
-3180
-2805
-2574
-2788
-2538
-2326
-2640
-2813
-3053
-3118
-2969
-2919
-2784
-2670
-2626
-2386
-2038
-2009
-1870
-1487
-1434
-1296
-1370
-1468
-1475
-1574
-1625
-1841
-2189
-2485
-2681
-2819
-2787
-3204
-3682
-3790
-3833
-3572
-3404
-3390
-3205
-2914
-2732
-2619
-2318
-2039
-1827
-1594
-1535
-1436
-924
-611
-628
-520
-168
192
340
184
175
498
816
982
998
1185
1389
1716
1652
1157
738
367
176
222
317
406
728
856
837
785
628
642
837
900
1138
1240
1115
1109
1291
1234
1365
1636
1664
1856
2087
2167
2304
2355
2287
2219
1819
1275
941
708
569
442
212
566
908
1093
1200
1310
1525
1611
1541
1362
1346
1198
1098
934
820
929
1222
1294
1234
1402
1459
1605
1529
989
652
224
-161
-253
-271
-35
264
195
-342
-922
-1513
-2076
-2388
-2536
-2751
-3003
-3135
-3246
-3230
-3237
-3074
-2604
-2239
-1714
-1005
-598
56
472
628
558
20
-199
-468
-603
-641
-427
-106
242
614
466
259
255
348
510
857
1247
1539
1650
1564
1264
573
-73
-483
-489
-530
-492
-318
-232
74
227
305
416
242
-228
-804
-1406
-1740
-2280
-2819
-3248
-3691
-3677
-3569
-3567
-3289
-2670
-2040
-1360
-818
-775
-714
-440
38
691
1185
1234
1262
1160
800
561
256
-134
-49
170
608
1037
1261
1687
1770
1615
1329
1217
1028
596
407
253
68
64
-64
-184
-204
109
525
993
1523
1765
2128
2122
1841
2036
1778
1659
1683
1782
1764
1435
1111
503
114
83
312
607
715
545
83
-311
-256
-78
133
-34
6
245
391
876
1038
1376
1693
1661
1599
1531
1509
1445
1206
719
28
-437
-802
-951
-907
-1119
-1220
-1336
-1553
-1653
-1812
-1989
-1803
-1527
-956
-903
-1210
-942
-841
-759
-528
-550
-315
-153
-12
114
-29
-335
-718
-902
-1027
-1043
-663
-331
-96
142
2
-41
-84
-314
-581
-501
-419
-473
-541
-787
-869
-778
-496
-304
-255
-413
93
972
1741
2322
2945
3518
3899
4218
4012
3667
3444
3329
3009
2738
2284
1616
1260
944
689
372
300
294
201
-71
-283
-256
-81
-18
-136
-344
-566
-476
-382
-478
-588
-709
-792
-873
-1202
-1678
-1840
-1949
-1971
-2009
-2030
-1915
-1765
-1415
-1242
-1253
-1228
-1285
-1291
-1152
-1138
-1307
-1295
-1086
-937
-747
-356
-61
388
977
939
672
448
146
-131
-445
-680
-561
-240
-189
-154
-197
-347
-282
-613
-857
-912
-1075
-932
-1094
-1416
-1650
-1908
-1953
-1975
-2129
-2019
-1876
-1732
-1664
-1634
-1347
-809
-327
-176
-354
-468
-605
-996
-1682
-2370
-2628
-2845
-2896
-2573
-2240
-1705
-933
-419
-275
-476
-998
-1358
-1371
-1213
-1132
-939
-907
-860
-670
-680
-442
-259
-313
-516
-601
-311
31
586
1125
1424
1935
2262
2217
2049
1777
1745
1616
1488
1436
1456
1450
1498
1884
2103
2425
2838
3002
3002
3132
3087
2748
2797
2794
2459
2250
2129
1783
1423
1492
1880
2416
2916
3294
3418
3046
2661
2414
1888
1299
1163
1472
2037
2474
2552
2335
1799
1106
364
-604
-1520
-2295
-2436
-1981
-1651
-1334
-1026
-698
-269
125
-4
-172
-324
-484
-962
-1693
-2140
-2624
-2839
-2653
-2316
-1754
-1152
-895
-889
-1052
-1135
-1086
-1114
-1231
-1365
-1548
-2059
-2419
-2605
-2419
-1731
-1298
-1235
-1004
-1016
-1075
-1229
-1731
-2245
-2628
-3012
-3057
-2667
-1738
-471
874
1669
1862
1870
1674
1740
1871
1616
1105
878
860
758
1246
2157
3033
3713
4117
4199
3884
3759
3736
3691
3568
3298
2890
2328
1808
1340
864
277
-101
-378
-308
-49
342
968
1419
1810
2131
2042
2053
1728
974
374
-372
-883
-1202
-1499
-1588
-1392
-1018
-569
99
779
972
910
716
165
-429
-1288
-1760
-1914
-1914
-1799
-1718
-1606
-1613
-1610
-1821
-2189
-2611
-3230
-3986
-4427
-4127
-3458
-2518
-1596
-1430
-1457
-1404
-1825
-2333
-2810
-3371
-3556
-3478
-3492
-3660
-4151
-4698
-4591
-4038
-3589
-3159
-2482
-1941
-1673
-1709
-2399
-3193
-4230
-5231
-6230
-7200
-7574
-7682
-7211
-6537
-5945
-5319
-4567
-3413
-2523
-1215
174
1146
2622
3907
5602
7207
7949
8491
8682
8522
8291
8089
8239
8994
9628
9662
9171
8062
6637
5260
4342
3564
2856
2727
2781
2899
2641
1553
11
-1865
-3365
-4012
-3682
-2871
-1320
942
2783
4032
4599
4175
3277
2164
1434
1368
1902
3049
4102
5066
5699
5939
6160
6037
5986
6331
6823
7467
8069
8383
8353
8128
7776
7323
6620
5559
4448
3977
3374
2587
1613
493
33
-124
-11
-226
-767
-2027
-3625
-5204
-7121
-8446
-8650
-8223
-7522
-6833
-6565
-6313
-6166
-5864
-5366
-4852
-3911
-2732
-1699
-1253
-1051
-835
-1209
-2285
-3813
-4986
-5024
-4594
-4052
-3434
-2632
-1476
-883
-1181
-2037
-3131
-4324
-5435
-6378
-6792
-6758
-6417
-5507
-4302
-3453
-3204
-3058
-2987
-2918
-3191
-4149
-4762
-4960
-5520
-6379
-7385
-8238
-8156
-7876
-7151
-5965
-4606
-3833
-3524
-3569
-3354
-2219
-1077
-758
-634
53
719
572
-366
-1556
-1689
-641
346
436
182
-134
-377
-378
-105
149
487
1106
1838
2452
2626
2650
3082
2807
1655
55
-1096
-1067
-536
765
2425
3909
5075
4962
3697
2684
1967
1734
1415
565
-413
-875
-787
-428
-10
453
1176
2635
3903
4300
3455
2125
1865
2059
2658
2737
2476
2598
2058
984
171
-472
307
2119
3241
4076
4731
5894
6747
6643
5414
2705
102
-2033
-3436
-3586
-2065
675
2994
4103
4228
3275
2112
2014
2239
2222
2560
3273
4678
6879
7625
6250
3796
883
-1507
-2840
-2618
-1345
180
1888
3370
3771
2893
919
-1157
-2618
-4789
-6238
-6061
-5297
-4519
-3914
-2654
-1375
-635
172
194
303
173
-443
-593
218
867
48
-342
-650
-1347
-2160
-2734
-2360
-1748
-102
2669
4484
4625
3387
1507
-848
-2391
-3030
-3429
-3470
-3622
-3464
-2448
-1466
-612
601
2058
2915
3208
3657
4115
3951
3332
2466
2043
2512
3481
4979
5751
5646
4272
968
-2517
-5569
-8220
-9401
-9130
-7913
-6284
-3936
-915
1483
2750
2570
559
-1580
-2712
-2464
-1258
-1009
-1611
-1683
-408
1638
3354
4054
4393
5023
4962
3785
2535
1138
-827
-3249
-4614
-3526
-817
2515
5170
6066
5882
5617
4353
1670
-1592
-4982
-7852
-9532
-10004
-9629
-8317
-6229
-3513
-434
1399
1533
-43
-3438
-6256
-7944
-7431
-4811
-2114
-459
1465
3727
5686
7654
8899
9122
8947
8543
7583
7199
7217
7561
7326
4906
1286
-1706
-4554
-7425
-8062
-6378
-4651
-5020
-6512
-5659
-1391
3312
4527
2070
-1278
-2854
-2218
-1483
-2637
-4904
-6076
-5065
-3777
-3502
-2996
-1507
655
2975
4912
5282
2774
-1042
-3612
-4228
-3760
-3218
-1994
25
595
-383
-819
599
2479
3252
3589
4142
4607
3679
1034
-1110
-1008
-85
1082
2780
3618
4077
6393
9331
9960
9229
9032
8574
7142
5866
4414
2883
1614
-417
-3706
-5921
-6342
-6634
-6246
-6297
-6858
-6032
-4843
-4786
-4867
-3852
-2190
-1284
-2405
-4130
-3808
-1002
1890
2499
1946
2288
3653
5543
6712
6293
5244
3746
1687
957
1755
2436
2597
1838
-960
-4814
-5550
-3087
-1002
-1144
-2358
-3112
-2019
1945
6460
8736
7048
2301
-1855
-3378
-3683
-4118
-4361
-4336
-3741
-1359
2011
2799
477
-1996
-2866
-2794
-3796
-3719
-436
2198
2678
1195
-2071
-4425
-5214
-5412
-5689
-5001
-2415
818
2769
3297
3484
2684
752
-1299
-1796
-1210
-49
2047
3120
2893
2453
1146
691
2823
3822
1779
219
344
-971
-3216
-3119
-675
1740
3435
5135
4613
213
-5937
-10738
-12230
-9274
-3355
2372
5551
7097
9425
10400
9173
8240
7239
5344
2771
340
190
3383
6157
5061
2133
-692
-3556
-4531
-2109
1117
2260
148
-4172
-7101
-6841
-5306
-5299
-6862
-7294
-6345
-6422
-8105
-8503
-5914
-1880
2411
4567
3473
901
-1209
-1858
-1939
-2081
-1424
-630
-59
1493
4332
7445
10422
12228
10991
7873
3637
-999
-4449
-6312
-5332
-1744
2071
3422
1949
42
-1318
-2827
-4049
-4530
-4402
-3540
-2878
-2738
-2168
-1530
-2329
-3416
-2011
1224
4158
5708
5040
2137
-1145
-3624
-5489
-6206
-4244
-925
1126
762
-1451
-3303
-4267
-4517
-3546
-1640
730
3342
5477
6052
5253
4520
4027
1790
-3113
-8178
-10514
-9357
-6804
-5196
-3631
-647
3525
7830
10493
10135
7671
4247
2233
2991
4561
4982
4465
5032
7552
10593
12351
12773
12184
10654
8464
5697
2193
-1676
-4919
-6683
-7190
-8746
-11075
-12265
-11967
-10819
-9440
-7636
-5432
-2896
-1058
-434
-220
553
2145
4114
4951
3420
613
-1455
-1752
-755
-336
-1174
-1610
-498
1199
2158
2347
1871
407
-1460
-3086
-4181
-4616
-4803
-5131
-4933
-4733
-5145
-6172
-7774
-8403
-7752
-6596
-4973
-2831
-822
180
411
763
1210
1441
1541
1867
1771
867
592
1244
1736
1526
651
-481
-1603
-2818
-3949
-4371
-3692
-2437
-1026
1406
3676
5197
6347
6818
6053
3706
1272
-253
-22
1747
3182
3314
2945
3025
3229
3079
3596
6269
9613
10891
9887
7449
4017
581
-2451
-4660
-5631
-6226
-7310
-8257
-8381
-6239
-1241
3631
6191
6370
5133
4256
4201
3823
929
-3735
-7378
-8107
-6530
-3503
458
4511
8198
10871
12753
13477
11985
7745
1984
-2996
-5244
-4989
-3135
-605
989
1432
1490
1115
-357
-2834
-4722
-4648
-4569
-5572
-6747
-7511
-7738
-7170
-5031
-2252
-1571
-2719
-2848
-309
3162
4672
5087
5740
6038
4266
1188
-1374
-3479
-4249
-3820
-2564
-705
928
1756
1842
1210
296
-884
-1971
-2992
-4097
-4565
-4701
-3987
-1816
735
1847
1597
2020
3464
4890
5492
4159
1602
475
1704
3915
4953
4265
3522
3801
3939
2876
892
-2422
-5867
-7467
-7746
-7431
-6979
-6414
-5370
-3784
-2407
-1488
-558
-80
255
1362
2190
2134
1622
192
-1357
-1385
-285
713
1071
422
-409
103
1629
2375
2273
1666
792
-349
-2230
-3304
-2872
-2482
-4009
-6159
-6896
-6766
-5793
-4582
-4653
-4522
-2700
-252
2071
2824
1875
986
787
592
-584
-1958
-1858
187
2725
3938
2926
-195
-3429
-5239
-5313
-3825
-1642
492
1694
1772
1366
1186
1752
2222
1495
383
-163
-339
-15
703
1726
3184
4881
6359
7679
8627
8527
8145
8489
9666
10980
11523
10598
9159
8169
8697
10659
12674
14659
17286
21120
24530
24547
19632
10403
-92
-9480
-17905
-25790
-32091
-32768
-32761
-32768
-32762
-32768
-32680
-31683
-28774
-25862
-24954
-24676
-23779
-21307
-17062
-11621
-5432
573
5802
10757
15278
19506
23789
27289
29153
29000
27164
23757
20003
16593
13836
12138
11702
13098
14331
14255
14054
12305
8919
4765
581
-2426
-4056
-4148
-2893
-1293
109
774
1208
1189
1766
2603
2206
1421
676
-64
-708
-1140
-1729
-2206
-3059
-3622
-3716
-4015
-3625
-3038
-2802
-2868
-3097
-2914
-2833
-2728
-2859
-2841
-2240
-1753
-1497
-1261
-770
-160
-235
-739
-1053
-1878
-2952
-3581
-3975
-3988
-3718
-2971
-2053
-1202
-220
697
1631
1751
1029
-142
-977
-772
-754
-994
-1671
-2509
-2622
-1816
-917
-1144
-1718
-2158
-2589
-2354
-1359
-203
459
154
-272
-657
-730
-451
-394
-218
438
529
465
1052
2111
3202
3824
4664
5355
5268
4797
3744
2708
1802
973
300
34
353
863
1336
1556
1723
1783
2080
2915
3314
3677
4245
4554
4984
5137
5088
4981
4897
4356
3670
2841
2267
1908
1826
1886
1787
1937
1620
496
-1082
-2526
-3698
-4515
-4846
-5071
-4608
-3717
-2578
-1348
-150
939
1588
1485
425
-1183
-2313
-2708
-2355
-1556
-1228
-498
1459
2964
3230
4368
5512
5229
4193
3481
3028
2671
2798
3101
3386
3072
2495
2314
2296
2588
2889
3427
3601
2883
2285
1531
674
-64
-1768
-3299
-3759
-3940
-3674
-2595
-1638
-1230
-720
-281
-228
-784
-1925
-3007
-4298
-5451
-5511
-5337
-4840
-3954
-3211
-2381
-1723
-1277
-627
-639
-1458
-2542
-3205
-3305
-3252
-2825
-2498
-2422
-1852
-866
165
766
982
918
366
-43
-182
-472
-837
-1062
-1281
-1119
-1174
-1103
-603
-422
-3
478
828
1018
1111
699
-315
-1019
-2282
-3581
-4282
-4710
-4280
-3300
-2267
-1276
-318
431
854
994
585
129
-317
-1153
-1741
-2030
-2098
-2062
-2068
-2045
-2039
-1899
-1529
-1135
-684
-323
-195
-80
87
222
623
364
-19
-156
-373
-593
-547
-147
225
237
264
278
368
672
718
619
775
769
315
103
42
-293
-81
333
475
590
559
451
337
364
607
651
619
769
871
625
549
498
6
-596
-1401
-2423
-3131
-3740
-4043
-4228
-4133
-3847
-3957
-3760
-3957
-4822
-4810
-4786
-5103
-5645
-6130
-6168
-6408
-6930
-7013
-6849
-6249
-5384
-4572
-3695
-2864
-1927
-1197
-1065
-1782
-2913
-3687
-3859
-3400
-2290
-428
2023
4164
5545
6711
7252
7667
7731
7460
7160
6796
6921
7264
7844
8460
8968
9229
9529
10104
10629
10792
10655
10240
9510
8732
7746
6894
6316
6015
5762
5111
4167
3350
2546
2072
2158
2640
2892
3132
3404
3379
3358
2788
1693
314
-1118
-2618
-3777
-4618
-4959
-4447
-4081
-3197
-1880
-1126
-397
129
-459
-1554
-2595
-3525
-4022
-4230
-4370
-4504
-4546
-4332
-4049
-3657
-3257
-2878
-2417
-2212
-2458
-2713
-3164
-3361
-3313
-3565
-3830
-3556
-3207
-3311
-3343
-3188
-3032
-2421
-2106
-2130
-1819
-1681
-1797
-2021
-2528
-2844
-3076
-3112
-2922
-2833
-2720
-2326
-1650
-926
-498
-447
-359
-182
-495
-1200
-1785
-2148
-2014
-1607
-961
-373
211
969
1034
768
823
860
936
988
1127
1595
2186
2888
3457
3953
3847
3252
2727
1844
940
801
1239
1713
2113
2377
2247
2015
1703
1415
1329
1337
1418
1634
1784
1883
2025
2356
2763
3033
3481
3661
3916
4245
3976
3525
3221
2887
3068
3288
3317
3103
2464
1700
577
-180
-846
-1425
-1752
-2053
-2298
-1920
-1351
-1062
-1067
-1588
-2076
-2231
-2485
-2927
-3442
-4046
-4372
-4247
-3573
-2815
-2149
-1804
-1732
-1720
-1281
-487
247
299
-615
-1750
-2788
-3538
-3521
-3568
-3958
-4260
-4848
-4978
-4601
-4497
-4603
-4693
-4691
-4359
-3411
-1901
-392
1134
2394
2804
2715
2304
1561
907
489
503
1071
2308
3733
5295
7036
7779
8371
8842
8751
8677
8334
7565
6341
5015
3309
1941
1178
733
634
1002
1980
3089
3833
4225
3971
2954
1612
-155
-2328
-4630
-6348
-7410
-7751
-7551
-7036
-5938
-4289
-2603
-1138
-418
-151
110
282
983
1966
2731
3428
3677
2988
2049
1432
1220
1853
2380
2271
1948
2063
2671
3333
3693
3440
3014
2401
2151
2422
3337
5079
6432
6994
6913
6437
5753
5047
4120
2571
1038
303
229
418
422
-489
-1906
-3200
-3768
-3958
-4568
-5285
-6228
-7456
-8289
-8521
-8485
-8346
-8171
-8887
-10114
-11293
-12127
-11714
-10829
-9744
-8127
-6460
-4739
-2983
-1767
-1246
-1393
-1908
-2817
-4077
-4976
-5645
-5435
-4638
-3743
-2314
-1028
22
1004
1598
1870
2213
2452
2897
3956
5043
5255
4752
3604
1833
412
-777
-1811
-2986
-3819
-3818
-3543
-2787
-1828
-1200
-665
-414
-486
-294
101
417
489
291
-510
-1440
-2423
-2918
-2260
-1172
170
1485
2106
2164
1830
940
90
-389
72
948
2045
3043
3293
3167
3247
3823
4530
4719
4058
2976
2019
1465
1070
1008
1260
1470
2263
3153
4027
4872
5267
5978
6317
5919
5269
4101
2537
1062
-14
-870
-1054
-400
356
1263
2248
2518
2331
1836
1106
608
528
914
1250
1386
1486
1639
1876
1930
1682
1220
778
508
9
-358
-701
-754
-303
-24
267
115
-510
-1232
-1881
-2648
-2836
-2507
-1872
-798
182
707
582
85
-871
-1742
-2493
-2908
-2528
-1882
-932
112
1142
1780
1992
2030
1672
1171
781
463
681
896
1258
1785
2050
2010
1630
1288
1688
2097
2573
2934
3142
3213
2737
2090
1687
1756
2274
2947
3377
3524
3794
3842
3344
2415
1227
192
-431
-1034
-1618
-1802
-1853
-1706
-1732
-1952
-2302
-2561
-2743
-2830
-2570
-2498
-2583
-2565
-2831
-2980
-2895
-2563
-1858
-1473
-1152
-952
-1074
-1288
-1762
-2404
-3144
-3668
-4000
-3972
-3385
-2658
-2196
-1984
-2440
-3002
-3662
-3961
-3347
-2576
-1704
-902
-210
709
1146
1215
948
315
-380
-1311
-2456
-3583
-4325
-4451
-4567
-4374
-3995
-3618
-2919
-2698
-2701
-2831
-3621
-4570
-5397
-6016
-5981
-5330
-4016
-2585
-1411
-709
-575
-484
-601
-777
-523
167
1117
2333
3455
4379
5290
6063
6483
6696
6880
6924
7197
7547
7885
8096
8283
8266
7726
7246
6529
5461
4487
3469
2640
2598
2688
2866
3170
3244
3158
3189
3293
3221
2925
2620
2531
2532
2442
2541
2742
2995
3693
4226
4546
5101
5330
5635
5880
5648
5349
4854
4379
4129
3669
3021
2622
2146
1383
502
-440
-1379
-2332
-3243
-3946
-4643
-5349
-5966
-6838
-7089
-7161
-7307
-7239
-7178
-7181
-7275
-7326
-7122
-6917
-6597
-6166
-5854
-5566
-5442
-5335
-4890
-4328
-3873
-3319
-2962
-2683
-2129
-1590
-1257
-971
-742
-503
-147
-107
88
438
477
660
680
458
485
979
1521
1666
1645
1697
1798
1759
1591
1408
1156
694
308
-356
-1069
-1587
-1966
-2152
-2632
-3234
-3722
-3971
-3976
-4193
-4673
-4893
-4624
-4169
-3785
-3186
-2457
-2132
-1927
-2136
-2280
-2115
-1746
-1525
-1757
-2441
-3167
-3428
-3646
-3985
-4486
-5055
-5249
-5044
-4554
-3681
-2721
-1777
-955
-665
-782
-677
-162
336
457
714
1387
2114
2721
2949
3183
3550
3520
3075
2462
1598
500
-439
-817
-940
-1173
-1278
-1348
-1471
-1720
-1995
-1942
-1553
-727
438
1298
1703
2250
2849
2810
2483
2154
1881
1943
1999
1438
478
-723
-1869
-2947
-3638
-3476
-2314
-259
1738
3154
3217
2704
2662
2788
2941
2570
1610
799
178
628
1788
2666
3843
4876
5338
5364
4991
4291
3057
1244
-149
422
2170
3595
4525
4908
4786
4435
3796
3197
2453
1099
149
-244
-554
-472
176
394
-191
-568
-255
552
1902
3346
4282
4552
3832
2795
1305
-904
-3508
-5437
-5378
-4208
-3212
-1979
-749
-555
-1125
-1055
-98
520
191
-275
-583
-1371
-2372
-3114
-4123
-4725
-4676
-4368
-3384
-1741
933
3435
4934
5757
5950
5082
3979
3739
3936
4268
4456
4458
4481
4363
4658
5721
6741
6897
6253
5270
4360
3477
1790
-75
-2024
-3839
-5346
-6709
-7559
-7576
-6191
-3937
-1149
1609
3318
4159
4097
4005
4206
3473
1946
646
172
68
-138
-1083
-3014
-4710
-5263
-5114
-4433
-3471
-2769
-1891
-880
-600
-459
-75
710
1476
1286
-53
-932
-273
558
1217
1522
1945
2422
2725
3120
2603
803
-839
-1352
-1069
-520
-601
-1766
-3152
-4059
-4602
-5195
-5694
-5989
-6966
-8197
-8144
-6944
-5586
-3534
-1062
658
1492
1523
1357
1521
1755
2261
3003
2966
2340
2437
3999
6521
8867
9966
9615
7884
5598
3783
2973
2914
2720
1756
363
-1199
-3093
-4638
-5177
-4917
-4596
-4333
-4307
-4481
-3952
-2627
-1319
8
1438
2398
2587
2641
2836
2938
3016
3029
2730
1033
-2019
-5180
-7758
-8868
-8057
-6478
-5455
-5649
-6472
-6418
-4779
-2715
-1605
-474
1841
5087
8154
9592
9026
7645
6240
5038
5106
5633
6403
7064
6587
5404
4135
3111
2100
677
-2069
-4367
-4895
-5187
-5935
-6989
-8202
-9228
-10365
-10842
-9655
-6947
-3896
-1845
-278
1058
1855
2517
3055
3788
4984
5294
4064
2668
2264
1769
439
-1189
-3190
-4903
-6232
-6904
-6540
-5223
-2552
718
3648
5070
5616
6319
6689
6152
4699
3665
3363
3071
1912
-421
-2775
-3645
-2542
-396
1996
4422
5983
5819
3308
-738
-5032
-8181
-9808
-10872
-11270
-10398
-8020
-4811
-1359
2677
6227
7170
5553
3623
2891
2502
1773
530
-614
-1023
-1411
-1404
-396
1336
3582
5828
7924
8046
5485
1905
-990
-2309
-3035
-3636
-4147
-4229
-4236
-4395
-3411
-1308
1093
3469
4961
6157
6815
6053
4346
2288
554
-184
18
405
1161
2899
4958
5779
5129
4015
3037
2434
1542
304
-1209
-2769
-4079
-5306
-5997
-5789
-5203
-4748
-5303
-6786
-7168
-6390
-5594
-5283
-4837
-4193
-3244
-1175
1865
5096
7616
9235
9029
7134
4964
2720
757
166
608
510
-20
904
3683
6441
8225
8425
7235
5431
2972
158
-3908
-9146
-13367
-15793
-16023
-14262
-12181
-9966
-6917
-2621
1049
2150
1300
-470
-1939
-2780
-3122
-2647
-1207
637
2187
3369
4549
4796
3064
-279
-3663
-4846
-3914
-1940
75
697
496
1065
2158
2937
2994
2515
1523
363
-1070
-2564
-2453
-400
1654
2231
1982
2021
1745
246
-1021
-923
-984
-1634
-2109
-2016
-1672
-899
-191
-222
-866
-1180
847
3830
5852
6151
4951
3270
2142
1860
1802
1486
1153
602
-930
-3171
-4649
-5001
-4886
-4556
-4252
-3395
-2154
-614
1160
2818
4410
5628
6114
5729
4430
2520
1256
592
-279
-1766
-3633
-4197
-2898
-1161
-148
117
860
2081
2937
3060
2812
3181
4750
6894
8042
7293
5362
2320
-1556
-5013
-7361
-8114
-8410
-8222
-6938
-4731
-2008
-18
1531
2473
2415
1764
527
-481
-1644
-3259
-4710
-5492
-4367
-1821
1197
4008
6110
7198
7468
6973
5541
3657
2051
1511
1969
2004
1031
-658
-2852
-4630
-5876
-6664
-6749
-6890
-6248
-4331
-1771
182
1294
1521
884
344
624
793
752
1176
1817
2937
4326
5700
6474
6143
4755
3576
3215
2701
961
-848
-1552
-944
-678
-2007
-3059
-3027
-1618
138
88
-1641
-3464
-4302
-3295
-1738
-674
-423
-1058
-2203
-3622
-3558
-1694
-20
820
1393
2344
3606
4374
4535
4364
3775
3083
2417
1514
314
-118
736
1977
2780
2971
3144
2981
2049
967
702
1082
458
-1273
-3334
-4826
-5204
-5227
-5961
-7067
-7838
-7601
-6374
-5004
-3952
-3509
-2784
-841
532
663
1055
2424
2905
1674
200
-664
-598
-979
-1845
-1952
-1230
188
1555
2287
2636
3054
3259
2780
2075
1239
271
-250
-111
110
-274
-1678
-3413
-4367
-3914
-2122
-634
12
-669
-2050
-2056
-466
1651
2473
1545
1144
2689
5779
8623
9916
9249
6542
2923
213
-289
635
1744
1923
4
-3060
-4775
-4565
-3535
-2377
-1981
-2566
-3607
-4570
-5630
-6657
-6864
-6984
-7014
-5676
-3152
-662
-357
-1772
-2961
-3267
-2136
-423
1514
2567
2750
3027
2835
2293
1578
686
-177
-749
-425
670
1829
2002
856
-450
-1000
-1060
-1247
-1532
-1778
-2382
-3754
-5053
-4960
-3199
-453
1798
1983
645
435
1925
2718
2371
2145
2908
3366
2936
2773
3278
4136
5145
6332
7537
8581
9572
10497
10938
11428
11488
11862
13286
15002
17072
19136
20479
21691
23160
24134
22981
19719
14731
7527
-1144
-10900
-20415
-28680
-32768
-32765
-32768
-32764
-32767
-32768
-32763
-32768
-32762
-32705
-31592
-27363
-22002
-18051
-14130
-9934
-4847
1108
6992
12584
17107
20607
23281
24581
24981
25219
25179
24145
21863
18709
15701
13354
11534
10298
9421
8685
8465
8654
8919
8755
8098
7085
5534
3220
1356
83
-1279
-2159
-2561
-2633
-2528
-2298
-1746
-1189
-741
-437
-647
-1011
-1178
-1629
-2058
-2507
-3010
-3302
-3145
-2852
-2553
-2080
-1320
-588
-204
-33
-195
-412
-659
-1090
-1307
-1633
-1955
-2283
-2537
-2494
-2624
-2537
-2081
-1681
-1659
-1576
-1779
-2227
-2383
-2369
-2392
-2505
-2318
-1788
-1408
-1230
-1255
-1168
-809
-827
-497
-357
-266
32
-240
-652
-827
-1031
-981
-351
-71
-336
-806
-886
-291
758
1581
2045
2629
3239
3724
4276
4487
4532
4440
4159
4007
3750
3378
2824
2410
2182
2216
2489
2356
1805
1484
1595
1713
2086
2705
3382
3771
3949
4312
4311
4104
3432
2265
983
-470
-1765
-2832
-3562
-4137
-4704
-4750
-4370
-3932
-3134
-2518
-2109
-1507
-1202
-905
-396
22
395
702
960
1000
910
758
543
848
1197
1436
1492
1516
1900
2704
3082
2663
2412
2880
3463
4175
4860
5156
5598
5685
5400
4782
4201
3559
2820
2385
1851
1485
1470
1464
1354
1029
555
-89
-758
-1508
-2039
-2527
-3012
-3268
-3630
-4147
-4723
-5048
-5123
-4855
-4411
-4113
-3955
-4044
-3949
-4027
-3976
-3641
-3357
-3093
-2520
-1987
-1658
-1362
-1188
-782
-413
-52
539
734
786
801
613
450
498
666
746
775
559
425
461
277
29
-152
-368
-409
-151
7
-184
-519
-850
-1176
-921
-675
-655
-750
-1199
-1517
-1781
-1941
-1995
-1992
-2150
-2187
-2144
-2030
-1964
-2014
-2036
-1918
-1509
-1216
-941
-1007
-1213
-1106
-1077
-972
-942
-1166
-1309
-1146
-1092
-1061
-941
-876
-529
-227
-239
-348
-499
-592
-488
-407
-315
-419
-528
-712
-743
-681
-961
-852
-670
-820
-607
-684
-878
-866
-1139
-1161
-1250
-1294
-981
-771
-681
-767
-904
-753
-433
-124
111
93
-63
-101
-223
-447
-626
-967
-1261
-1074
-1193
-1763
-2232
-2716
-2766
-2587
-2554
-2452
-2757
-3006
-2813
-2838
-2862
-2627
-2504
-2733
-2768
-2536
-2451
-2308
-2173
-1941
-1558
-1136
-795
-411
72
440
583
962
1619
2292
2943
3289
3313
3335
3740
4076
4500
4905
5007
5440
6094
6323
6554
6814
7104
7437
7517
7424
7338
7093
6764
6749
6523
6314
6169
6125
6202
6174
6203
6020
5829
5468
4980
4536
4243
3841
3311
2424
1510
849
101
-499
-669
-921
-1221
-1448
-1904
-2249
-2273
-2499
-2650
-2750
-2864
-2834
-2916
-3306
-3740
-4046
-4230
-4378
-4148
-4191
-4428
-4220
-3849
-3617
-3401
-3205
-3119
-2972
-2906
-3048
-3076
-3289
-3488
-3513
-3668
-3747
-3840
-3822
-3603
-3606
-3739
-4035
-4003
-3582
-3508
-3122
-2955
-3159
-2794
-2445
-2264
-2192
-2286
-2371
-2264
-2241
-2399
-2527
-2513
-2235
-1837
-1538
-1395
-1092
-956
-790
-460
-326
100
305
263
578
799
1227
1715
2234
2661
2807
2704
2565
2600
2485
2499
2666
2944
3049
2918
2451
1967
1559
1337
1448
1357
1055
800
623
730
948
998
1109
1411
1658
1875
2031
1820
1541
1309
1120
981
615
234
-316
-749
-1073
-1042
-723
-561
-438
-591
-972
-1860
-2732
-3699
-4706
-5411
-5975
-6357
-6503
-6371
-6174
-5601
-4701
-3549
-2325
-1564
-1059
-884
-956
-1029
-1065
-906
-552
94
976
1978
2961
3122
2669
1899
1379
1275
1040
1122
1321
1612
2216
2648
2682
2851
3146
3400
3880
4273
4395
4279
3861
3383
2882
2714
2425
2194
2590
3173
3693
4367
4598
4429
3790
2813
1694
732
-118
-787
-1147
-1415
-1952
-2784
-3464
-3727
-3424
-3055
-3181
-3613
-4106
-4577
-4480
-4206
-3988
-3615
-3472
-3498
-3600
-3627
-3452
-3004
-2700
-2720
-2914
-2703
-1825
-281
1418
2462
3512
4576
5694
6789
7333
7368
7062
6534
6131
5753
5195
4252
3224
2765
2660
3212
3276
2789
2872
3168
3467
3267
2376
1515
1103
1364
1846
2302
2205
1646
880
-77
-850
-1045
-1038
-830
-177
562
827
310
-582
-1390
-2082
-2390
-2595
-2822
-2912
-3074
-2974
-2512
-1837
-1270
-875
-986
-1505
-2124
-3136
-3956
-4206
-4253
-4284
-4304
-4235
-4297
-4078
-3675
-3425
-3106
-2775
-2778
-2921
-3325
-3847
-4247
-4456
-3782
-2721
-1890
-1402
-1449
-1744
-2086
-1866
-1105
-478
29
-170
-765
-1509
-2281
-2681
-2977
-3101
-3176
-3012
-2578
-1774
-544
658
1359
1785
1982
1874
1891
1668
1385
747
-90
-517
-696
-685
-576
-463
-248
343
1203
1824
2295
2256
1919
2005
2275
2575
2972
3229
3445
3505
3423
3315
2962
2455
1877
1317
749
360
403
340
-4
-220
-176
14
354
665
982
1183
1335
1643
1910
1896
2215
2638
2878
3203
3144
3049
3216
3233
3239
3486
3313
2955
2409
1723
1270
1102
1038
861
651
199
-424
-793
-1208
-1811
-1948
-2229
-2379
-2085
-2112
-2049
-1898
-1945
-1779
-1211
-746
-464
184
694
789
1201
1503
1817
2232
2414
2501
2186
2116
1876
1237
744
283
-4
-228
-283
-380
-378
-196
-178
-16
62
315
745
1101
1263
1248
1071
842
1042
1155
1257
1338
1163
997
828
840
931
1018
742
208
-107
-667
-959
-1019
-1309
-1604
-2055
-2723
-3219
-3371
-3648
-3837
-3938
-3901
-4031
-4197
-4215
-4011
-4038
-3905
-3820
-3783
-3479
-3042
-2526
-2085
-1789
-1295
-782
-581
-697
-767
-623
-760
-1068
-1664
-2335
-2757
-3357
-3802
-4157
-4479
-4603
-4617
-4508
-4334
-4349
-4355
-4229
-4070
-3864
-3628
-3137
-2782
-2523
-2348
-2568
-2740
-2903
-3399
-3959
-4550
-4608
-3962
-2529
-677
492
945
976
1154
2322
4195
5952
8373
12684
17350
20937
22557
22158
20679
18635
16255
13979
11876
9970
8218
6634
5433
4181
2877
1501
-158
-1656
-3190
-4760
-6032
-7117
-7459
-7410
-7314
-6802
-5971
-4659
-3190
-1867
-568
557
1784
2622
2959
3402
3586
3656
3998
4071
3929
3683
3503
3249
3124
2878
2601
2762
2634
2614
2455
1991
1619
1043
409
-118
-676
-1186
-1528
-1716
-1972
-2224
-2507
-2933
-3017
-2823
-2784
-2587
-2374
-2389
-2287
-2171
-2235
-2186
-2200
-1991
-1720
-1322
-860
-552
-171
240
857
1350
1477
1455
1481
1322
889
60
-915
-1640
-1815
-1450
-1130
-1055
-1297
-1513
-1485
-1736
-2716
-3921
-5275
-6629
-7518
-8252
-8998
-9799
-10226
-10429
-10993
-11945
-12821
-13117
-12960
-12385
-11722
-11192
-10504
-9625
-8529
-7619
-6619
-5360
-4894
-5723
-6802
-6831
-6209
-5842
-6036
-6109
-5360
-4152
-2386
-661
174
843
1837
3400
5047
6023
6122
5369
4429
4155
4495
5433
6274
6580
6724
6843
7005
7113
6737
5816
5314
5469
5696
5338
4068
2716
2195
1633
471
-448
-1436
-2066
-1829
-798
522
1902
3188
4444
5825
7111
7678
6968
5906
4950
4008
2709
1037
-422
-1021
-679
101
1478
2703
2950
2936
3704
5091
6023
6072
5588
5045
4696
4559
5036
5107
3955
2858
2086
2451
3735
4618
4441
3718
3404
3781
4253
4089
3508
2553
1216
-354
-1618
-2613
-3449
-4220
-4980
-5427
-5611
-5222
-4513
-3376
-1991
-704
445
1276
1676
1441
-324
-3050
-4852
-5348
-4557
-3409
-2723
-2194
-1825
-1800
-1655
-337
1759
3020
2835
1866
1231
1179
1258
560
-1724
-4312
-6280
-7247
-7029
-5507
-3149
-1906
-2554
-3758
-4670
-5233
-4964
-4384
-4190
-5107
-6464
-6956
-5976
-4277
-3264
-2488
-1472
-832
-140
862
2028
3426
5343
7253
7060
5454
3794
2451
1792
746
-969
-1831
-1062
-248
-683
-1427
-2150
-3014
-4122
-5086
-4997
-4119
-2615
-500
2149
4944
6911
7763
7934
7203
5107
3270
2661
2668
3115
3812
4667
5012
4249
2249
-546
-2677
-2966
-1938
-1517
-2548
-3963
-4272
-2631
-379
1457
2893
3571
3102
2267
2073
2339
2461
2495
2443
2052
1079
394
723
1654
3049
4568
4789
3091
841
-759
-1237
-723
117
862
1523
1658
481
-648
-884
-319
67
-310
-1132
-2877
-4863
-5698
-5934
-6352
-7028
-7029
-5735
-4044
-2035
35
2183
3234
2000
82
-925
-1007
-894
-538
972
2790
3274
2326
643
-711
-915
-490
662
2380
3462
3506
2145
1001
2332
5036
6464
5771
3997
1708
-184
-675
-1193
-2005
-2408
-1927
-1612
-1235
-277
325
975
2326
3825
3681
1676
-933
-3410
-4969
-6048
-6999
-7389
-6469
-3715
-170
1937
1578
-575
-2226
-2819
-3404
-2899
-634
969
719
-924
-2929
-3437
-1180
2457
4045
3905
4474
5590
5090
2138
-1543
-3060
-1751
18
1190
2666
4134
3777
2156
149
-541
2011
5022
6040
5571
4417
2905
535
-2275
-4790
-6088
-5048
-2249
-700
-1122
-1349
-1224
-2322
-4260
-5955
-6514
-5737
-4562
-3960
-3433
-2432
-1110
829
2807
3708
3278
2328
2473
4234
5622
5480
4203
2922
2177
1200
-136
-1186
-974
0
455
-172
-1322
-1896
-1324
-456
133
378
1014
2330
2194
1685
2627
3371
3007
2296
1985
2281
2867
2480
-104
-4710
-9315
-11310
-11320
-10026
-7779
-6145
-5623
-4097
246
4649
5442
3903
2359
831
-921
-2886
-3410
-2246
-689
972
2517
3964
4408
4634
5539
4354
-76
-4568
-6541
-6188
-3767
296
4919
8590
10447
9929
5844
-5
-4063
-4848
-4166
-3676
-2490
-1722
-1246
-393
-535
-1952
-4098
-5076
-3958
-2667
-2567
-2565
-1270
613
1943
1765
19
-561
688
3226
6768
10277
13075
14195
12698
8555
3338
-1990
-5904
-7439
-8407
-7710
-5015
-3928
-3713
-2114
-814
-1025
-3683
-8067
-11019
-11746
-11108
-8400
-3741
481
2657
3775
2377
-3087
-9031
-10379
-6971
-1765
3919
7951
10412
12189
11619
8030
2934
-1303
-3730
-4095
-1786
1442
2505
73
-3381
-4352
-3448
-1677
1316
4041
5370
4185
1014
389
3324
4820
3620
2271
792
-360
-618
-308
675
1101
551
-897
-2041
-479
2147
3639
4070
3713
1353
-3461
-5299
-1630
1730
1011
-2459
-7503
-10806
-9207
-4471
-813
-617
-2200
-1914
-104
-247
-2280
-3627
-2085
2210
6180
6779
5423
5702
7408
8224
7523
5361
3058
1819
164
-2603
-3583
-1769
587
950
-52
-407
-526
-2692
-5840
-7281
-7325
-6539
-4915
-3017
-2147
-1873
-821
866
2964
4036
4757
7345
9410
8945
6687
4485
2992
471
-2568
-3326
-563
2255
2364
243
-1242
-597
-912
-3323
-5042
-4167
-2462
-1450
-529
137
-495
-1266
-189
1917
3675
4240
2781
423
-1164
-1375
-1416
-2606
-5050
-8010
-10457
-11713
-11787
-10491
-7556
-3975
-1440
-599
-94
1204
2140
1468
658
1427
4153
8792
13304
15882
16196
14725
13228
12551
12926
13734
13044
10774
7954
5044
2702
1316
233
-1486
-3341
-4378
-4257
-3773
-3879
-4374
-5062
-5559
-5654
-5070
-3320
-2295
-2537
-3454
-4233
-4325
-3599
-2661
-2721
-3931
-5493
-6106
-5048
-3057
-1593
-1104
-1372
-2115
-2582
-2416
-2038
-2049
-3245
-5022
-5622
-4790
-3094
-1915
-2323
-3034
-2446
-1455
-779
-208
117
782
2624
4747
5505
4718
2860
1133
613
1440
2852
3120
1795
-476
-2896
-4275
-4190
-3384
-3072
-3157
-3318
-3247
-2533
-1104
436
520
-1634
-5319
-8396
-8509
-5683
-2216
463
2962
5515
6653
6100
4469
3305
2779
2203
2081
2432
2453
2383
2443
1901
649
-603
-1015
-998
-591
-337
-190
432
1495
2754
3319
2720
2077
2119
1459
-968
-3987
-5374
-4556
-2427
-621
13
102
86
131
-52
-388
-705
-1240
-1932
-2771
-3135
-2763
-1899
-234
1511
1434
334
26
-45
-333
-545
-737
-669
-119
-52
-794
-1607
-1670
-1877
-2948
-3149
-1348
365
692
229
-303
-585
327
2131
3846
4405
2664
-719
-3536
-3924
-1859
464
883
-623
-2239
-2040
-183
922
936
1104
1548
1708
1476
1303
1632
1861
2208
3492
4894
6435
7767
8280
6432
3449
1989
1800
2808
4298
5492
6471
7854
9458
11839
15055
16655
15950
15145
15990
19261
23190
24694
22761
17667
11331
4594
-3208
-11883
-20426
-27298
-31953
-32768
-32765
-32766
-32766
-32767
-32766
-32767
-32620
-31201
-27412
-24020
-22393
-20298
-17454
-13254
-7588
-1263
4694
9831
14463
17884
20059
20862
20646
19857
18380
16398
14846
13419
11959
11124
10475
9959
9930
10156
10186
10392
10321
9245
7758
6298
4465
2214
-16
-1833
-2915
-3689
-4289
-4067
-3050
-1529
313
1638
2724
3529
3513
3137
2784
2284
1352
38
-1270
-2049
-2201
-2088
-1680
-1423
-1333
-1421
-1665
-1845
-1906
-2019
-1972
-1764
-1975
-1663
-769
-921
-1811
-2059
-2406
-2792
-2696
-3235
-3467
-3047
-2980
-3124
-3116
-3170
-2946
-2563
-2196
-2145
-2348
-1914
-1004
-527
-449
-698
-567
-284
-168
149
61
-355
-223
86
251
755
959
490
457
1243
2305
3406
4364
4846
4759
4443
4104
3730
3658
3598
3550
3997
4703
5351
5587
5196
4935
4791
4369
3265
2139
1696
1667
1098
-137
-1409
-1878
-1629
-1605
-1918
-2094
-1660
-1149
-970
-955
-896
-942
-945
-716
-684
-820
-584
-32
736
1726
2421
2572
2554
2451
1863
1276
1095
1091
1147
1232
1635
2521
3060
2979
2984
2858
2513
1735
370
-637
-228
698
1233
1703
1766
1325
1165
975
371
-120
-704
-1493
-1933
-1769
-1343
-1117
-460
219
233
40
53
534
243
-415
-603
-688
-960
-1040
-1312
-1864
-2275
-2136
-1797
-1600
-1409
-1423
-1653
-1756
-1709
-1645
-1297
-1343
-1806
-1815
-1374
-1023
-1126
-1168
-762
-251
-11
572
1097
1207
773
154
-187
-486
-637
-830
-975
-750
-326
-224
-199
229
865
1123
966
244
-1314
-2598
-3596
-4533
-4517
-3993
-3532
-2992
-2564
-1584
-405
398
762
749
197
-722
-1508
-2256
-2674
-2741
-2277
-1262
-465
-212
-273
-319
-699
-973
-1256
-1250
-1335
-1098
-475
198
1066
1962
2583
2737
2486
2087
1714
698
-563
-1692
-2481
-2509
-1701
-790
174
1241
1629
2160
2397
2633
2706
2314
1856
789
-200
-753
-1397
-2043
-2848
-3384
-3246
-2720
-1598
-547
386
1248
1881
2112
1789
1339
624
-356
-1111
-1486
-2161
-3445
-4721
-5077
-4553
-4276
-4203
-3950
-3816
-3524
-3169
-3084
-3240
-3459
-3228
-3063
-3424
-3484
-3568
-4230
-4547
-4039
-3420
-3042
-2813
-2533
-2326
-2050
-1338
-488
30
517
1062
1094
1069
957
1313
1942
2069
2178
2610
3276
3951
4861
5826
6060
6265
6931
7043
6817
6875
6699
6329
6207
5674
4861
4504
4390
5151
5712
5772
5833
5988
6091
5814
5322
4669
3594
2473
1695
1275
962
360
13
-18
-50
60
662
1143
1184
752
366
-119
-1114
-1929
-2213
-2170
-2100
-1832
-1614
-1853
-1615
-917
-553
-448
-468
-711
-867
-376
134
157
208
112
-96
-167
-151
71
449
368
-176
-526
-727
-1106
-1453
-1860
-2524
-3329
-3825
-3782
-3695
-3817
-3936
-4137
-4357
-4581
-4611
-4572
-4952
-5012
-4822
-4744
-4243
-3705
-3335
-2917
-2621
-2263
-1983
-1674
-1705
-1815
-1055
-553
-352
-283
-398
-590
-638
-102
169
65
-117
-311
-192
161
451
572
625
846
1238
1379
1325
1194
991
941
1078
829
226
-280
-612
-1015
-1243
-1162
-1018
-964
-907
-1086
-1237
-717
-64
586
1252
1705
2350
2799
2789
2481
2367
2699
2823
2646
2550
2638
2359
2244
2673
2778
2194
1345
348
-862
-1992
-2498
-2556
-2389
-1985
-1473
-900
-100
454
526
518
445
397
608
884
736
151
77
88
9
163
346
336
273
285
108
-152
142
329
322
760
1284
1671
2197
2772
3213
3514
3355
3096
3191
3389
3645
3793
3310
2729
2471
2072
1487
786
54
-739
-1574
-1756
-1832
-1910
-1640
-1279
-1071
-1066
-958
-1152
-1517
-1943
-2698
-2873
-3253
-4091
-4303
-3934
-3826
-4217
-4538
-5054
-5196
-5056
-4959
-4620
-4106
-3660
-2975
-2055
-1476
-763
548
1544
2279
2844
3139
3159
3226
3053
2681
2401
2162
2200
2073
2128
2122
2031
2512
2627
2692
3451
4088
4295
4197
3939
3538
3033
2205
1310
707
-91
-1150
-1777
-1807
-1873
-1503
-954
-937
-1158
-1588
-1726
-1720
-1974
-2250
-2592
-2409
-1663
-1159
-575
201
809
632
-89
-501
-1052
-1486
-1788
-2083
-2438
-2507
-2253
-2290
-2657
-3156
-3390
-2944
-2737
-3059
-3491
-3756
-3523
-2983
-2242
-1102
295
1885
3552
4682
5169
5119
5149
4954
3794
2364
835
-293
-1023
-2153
-2983
-3197
-3254
-3251
-3240
-2979
-2784
-2215
-1140
-216
962
1704
1896
2956
3554
3389
3189
2777
2251
1335
456
396
790
1098
680
96
-450
-1059
-1551
-1752
-1974
-1910
-1359
-1192
-1064
-98
850
1360
2009
2373
2423
2536
2449
2139
1821
1354
1393
1663
1312
976
678
-141
-559
-353
-433
-622
-180
717
1794
2757
3165
3103
2977
2775
2184
1864
1690
1694
1556
1594
1726
1778
2109
1931
1490
838
65
-325
-1100
-1579
-1555
-1755
-1240
-614
44
619
967
1250
1010
503
222
-33
-129
-228
-824
-1385
-1603
-1808
-2015
-1765
-1299
-1141
-1015
-660
-219
-190
104
801
544
38
290
297
-50
-324
-698
-812
-620
-598
-890
-774
-474
-705
-848
-762
-797
-750
-254
390
557
447
241
-114
-283
-426
-777
-1026
-882
-671
-857
-1192
-1235
-1191
-1002
-472
-9
-73
-265
87
88
-249
-243
-31
638
1018
1102
893
219
-80
-290
-390
-296
-109
-81
-421
-564
-810
-1317
-1336
-769
-64
427
557
560
327
61
-204
-220
66
355
544
399
-112
-647
-520
-207
-103
392
1208
1114
631
245
149
325
533
898
1293
1238
696
253
47
-60
289
802
1058
939
387
-221
-88
680
1089
928
744
642
307
70
119
387
786
674
606
1005
915
712
808
1195
1522
1242
878
526
209
339
630
839
315
-491
-678
-507
-101
189
300
158
227
780
893
688
821
830
614
554
170
-393
-576
-718
-1131
-1643
-2259
-2629
-2176
-2076
-2561
-2566
-2417
-2461
-2301
-2270
-2483
-2352
-1832
-1793
-2170
-2534
-2509
-2204
-2180
-2591
-3316
-3984
-3983
-3903
-3830
-3832
-3992
-4172
-4489
-4635
-4506
-4377
-4314
-4579
-5109
-5060
-4942
-4205
-3126
-2368
-1686
-2051
-3484
-5363
-7516
-9196
-9699
-9678
-9886
-10774
-12153
-13033
-12319
-9274
-3975
2141
8383
14299
18766
22231
25110
27463
28841
28650
26702
22795
17344
11465
6131
2136
-396
-1333
-1163
-760
-452
-508
-822
-1322
-2274
-3831
-5305
-6146
-6973
-7093
-6220
-5488
-4913
-3825
-2394
-912
463
1351
2183
2924
3525
3995
4571
5001
4638
3998
3781
3875
4088
4476
4865
5331
5679
6221
6758
6930
6670
6276
5969
5153
4032
2896
1473
80
-1230
-2596
-3735
-4750
-5545
-5930
-5765
-5664
-5099
-3997
-3273
-2603
-1802
-649
630
1623
2520
3506
4172
4877
5726
6442
7094
7114
6601
6058
5893
5607
5023
4507
3238
1672
1166
853
304
-239
-1551
-2971
-4201
-5683
-7193
-8812
-10198
-11090
-11874
-12684
-13189
-13501
-13889
-13926
-13949
-14164
-13937
-13261
-12278
-11241
-10171
-9470
-8667
-6903
-5310
-4631
-4290
-4482
-5448
-5983
-5501
-4562
-3495
-2725
-2847
-3287
-3199
-2331
-1032
-440
-637
-1419
-2159
-1841
-506
1024
3210
5862
7857
8506
7929
7073
6321
5797
5298
4628
4234
4079
3576
2869
2350
2061
2350
3087
3432
3630
3697
3146
2856
3501
4461
5106
5475
5529
4900
4373
4326
4501
5287
5764
6049
6234
5971
5606
5577
5388
4542
3909
3765
4054
5038
6165
6093
5255
4165
2774
1657
841
236
79
494
1132
1734
2596
3551
4280
4478
3643
2431
1288
-44
-1410
-2394
-3094
-3519
-3021
-1968
-1227
-908
-687
-658
-76
719
1162
1537
1529
712
-578
-837
102
1061
802
-592
-1496
-1549
-1935
-3265
-4429
-4174
-2781
-1676
-920
-375
-276
-1277
-2791
-3167
-2596
-3211
-5860
-8857
-9819
-8672
-6483
-5081
-5560
-5561
-4151
-2106
-147
756
1287
2676
4063
2867
-287
-3271
-5114
-5512
-5396
-5383
-4814
-3863
-3408
-3830
-4453
-4449
-4250
-3666
-2852
-2084
-1374
-879
-101
323
170
1295
3893
5833
5822
4657
3152
1634
485
42
251
50
-969
-1724
-1957
-1990
-956
845
1815
1986
1731
1318
1537
2692
3696
3518
2268
791
-69
-1079
-2355
-2676
-2270
-1207
192
1333
1645
826
-436
-1719
-3062
-3753
-3693
-2464
62
2231
2398
1481
1406
2973
5625
7834
8596
7925
6130
3378
350
-2679
-4768
-4029
-774
2845
5244
5449
3774
1722
1100
1412
1348
529
-240
-155
344
1199
1900
2195
2307
2214
2708
3449
3145
2065
1297
736
-144
-765
-1628
-2864
-3826
-5692
-6838
-5164
-2098
617
2805
4492
5403
5519
5362
4608
3462
2416
1616
1698
2824
4074
3627
912
-1918
-2496
-856
525
630
103
-1137
-3240
-5457
-5936
-4716
-3647
-3236
-3558
-4053
-4364
-3788
-2212
-744
-50
-61
-303
420
2685
4873
6145
5292
2349
-510
-1890
-1763
71
2123
1937
41
-957
-390
1024
2398
3106
2908
1918
110
-2571
-5155
-6799
-7227
-6364
-4740
-2917
-538
1931
3309
3477
3182
2462
1501
584
-876
-1868
-1468
-1480
-2839
-3865
-4166
-3954
-4530
-5971
-5574
-3600
-1396
400
1240
881
-134
-176
1221
2833
2663
710
-24
602
356
-276
-300
-690
-1341
-1363
-851
-371
-43
738
2372
3878
4353
3882
1886
-109
334
2835
5671
7104
7075
5575
2420
-746
-1466
-526
-2114
-5404
-6844
-6442
-4990
-2688
385
2104
62
-3490
-5478
-5605
-4273
-2676
-1406
-242
478
1123
1361
1450
1931
2578
4504
6930
6767
4444
1908
681
2358
5619
7240
7988
10000
9746
5047
1154
1043
1211
-644
-2426
-2603
-3278
-5764
-8892
-10346
-7355
-1826
1088
-254
-3894
-6084
-5003
-3201
-3467
-4294
-2294
2398
6506
7533
5790
2895
727
133
422
-373
-2624
-4320
-3148
551
4104
5203
2955
-1149
-4402
-3893
-1473
-1257
-2040
-1937
-1749
-2045
-2137
-910
1444
3930
5471
3903
762
597
4105
6685
4892
2015
1231
676
-1423
-3022
-3136
-3758
-4253
-3274
-1387
991
1449
-710
-733
2769
4851
2750
-983
-5262
-8114
-5291
712
4354
4714
5092
7713
10239
9165
3799
-2358
-4818
-4971
-5845
-7230
-8696
-9696
-9447
-9856
-11953
-13099
-10572
-5817
-2203
-1053
-1490
-2018
-2165
-1452
-687
-1178
-2371
-2554
-1340
162
2082
5080
8287
10844
11938
10286
6976
4862
4785
5095
3656
1608
876
3125
7856
9616
6101
977
-878
1289
4571
5417
4340
4219
4800
4069
713
-3999
-6569
-6279
-5580
-4845
-2690
382
2387
2538
1715
2083
4014
5885
5142
2523
1464
1716
-454
-4538
-4764
-381
3964
4435
1011
-4916
-9284
-8002
-3303
1002
3319
2482
175
-1090
-2035
-2874
-3581
-3767
-2088
-1206
-4775
-9576
-10283
-7119
-3655
-3345
-6112
-8452
-7735
-4191
-1278
-587
-563
-401
-553
-1994
-3753
-3545
-1803
132
1311
1280
634
1549
4751
6860
4871
639
-2609
-3035
-270
3203
4318
3003
1381
757
2195
5623
9065
10729
9157
6361
5108
5304
4802
2006
-2213
-5226
-5023
-2559
-645
-1421
-3687
-5347
-6060
-6157
-5735
-5155
-4046
-1577
820
1849
2363
2942
2555
499
-1899
-3289
-4136
-5049
-5314
-4783
-4106
-2981
-1044
1139
2114
1353
143
605
3598
7381
10067
10563
8630
6186
5274
6037
7282
7274
6100
5918
7257
8297
7470
5270
2782
847
427
768
727
-217
-1431
-2031
-2350
-2656
-3152
-4283
-5763
-6611
-6596
-6114
-5487
-5322
-6486
-7241
-6460
-5731
-5041
-3623
-1160
1317
2041
702
-968
-1272
-271
847
1988
3043
3678
3064
1519
-43
-1539
-2099
-2403
-3128
-3726
-3493
-2970
-3017
-2994
-2164
-823
604
1959
2618
2932
3394
3441
2733
1152
-1376
-3770
-4943
-5385
-5596
-5757
-5442
-4533
-3071
-1367
-247
457
1245
1364
521
425
1492
2117
1832
2248
3141
3439
3665
3655
2670
1495
950
1197
1747
1277
204
-1274
-2426
-2895
-3467
-4262
-5392
-6696
-7481
-6965
-4763
-2037
-127
873
2371
4340
5305
5383
4748
4133
3889
2804
635
-1302
-2183
-2659
-2510
-720
1196
1900
712
-2516
-5741
-6060
-3810
-972
1281
2751
3573
4021
4631
4888
4757
4614
5058
6150
7609
8342
6942
4240
1735
243
-367
-125
149
-82
-218
-594
-1350
-1106
651
2682
3297
2118
436
-651
-537
441
1326
1271
1451
2569
4264
6279
7326
7009
6266
5720
4377
2730
2666
5269
11024
18761
26372
31332
29524
18449
-862
-21871
-32765
-32763
-32762
-32768
-32766
-32766
-32719
-31731
-27863
-23263
-20874
-18567
-16054
-13171
-10006
-7342
-5106
-3457
-1659
2020
6994
11434
15062
17815
19986
21845
22545
22296
21468
20351
18761
17122
15529
13438
11252
9102
6980
5017
3135
1714
779
-253
-1202
-1944
-2609
-2913
-2754
-2404
-1758
-921
-332
-434
141
1612
3477
5263
6044
5967
5580
5167
4536
3742
2618
1216
62
-695
-1611
-2473
-2761
-2417
-1850
-1250
-814
-757
-561
-115
144
216
-209
-1208
-1948
-2264
-2570
-2777
-2685
-2143
-1685
-2001
-2856
-3372
-3529
-3545
-3654
-4185
-4203
-3932
-3965
-3828
-2983
-1552
-453
163
157
30
280
617
486
21
-217
192
760
1019
1237
1685
2280
2821
3060
3119
3195
2947
2340
1459
1204
1197
1416
2105
2492
2775
3335
3793
4318
4553
4005
2900
1706
1071
517
-311
-1359
-2687
-3601
-4059
-4000
-3573
-3474
-3216
-2677
-2226
-1910
-1545
-1071
-909
-821
-887
-884
-472
126
530
587
747
1188
1959
2966
3918
4623
5213
5546
5277
4650
3815
2984
2088
1470
944
658
1018
1672
2582
2934
2849
2382
1220
-73
-1382
-2283
-2173
-1312
127
1429
1932
1600
531
-482
-1359
-1972
-2488
-2883
-2748
-2347
-1662
-1046
-965
-1133
-1279
-1498
-1630
-1877
-2212
-2155
-1832
-1220
-933
-707
-253
-603
-1336
-1788
-1780
-1631
-1062
-321
-275
-15
80
-83
-205
-494
-978
-1339
-1298
-1227
-834
-248
390
1141
1024
374
-266
-848
-1182
-945
-775
-943
-744
-496
-438
-428
-275
-565
-960
-1267
-1918
-2211
-2194
-2058
-1749
-1440
-759
91
364
685
759
708
813
562
271
-70
-311
-306
-250
-112
-186
-12
512
939
1187
1123
1017
947
854
922
940
918
924
628
405
387
488
475
271
357
454
769
1050
1049
973
631
237
157
285
322
462
633
758
951
1023
1079
1235
1237
1181
1098
998
670
265
-67
-264
-250
-360
-476
-487
-226
32
185
364
253
-8
-322
-805
-1274
-1738
-2278
-2495
-2544
-2526
-2572
-2939
-3433
-4152
-4822
-5226
-5557
-5874
-6011
-6101
-6023
-6068
-6413
-6608
-6770
-6689
-6447
-6401
-6542
-6500
-6262
-6146
-6120
-5972
-5621
-5193
-4512
-3791
-3234
-2550
-2031
-1552
-993
-695
-225
492
1243
1915
2544
2927
3245
3908
4512
4992
5262
5512
6010
6390
6781
7165
7599
8006
8322
8806
8959
8696
8513
8411
8484
8639
8272
7747
7179
6889
6612
6195
5675
5300
5187
4936
4652
4296
3929
3660
3359
2943
2785
2547
2403
2151
1870
1729
1419
1233
810
559
280
-258
-513
-531
-418
-517
-726
-757
-973
-1143
-1127
-1152
-1133
-1314
-1616
-1579
-1575
-1864
-2002
-2192
-2348
-2396
-2577
-2769
-3049
-3271
-3399
-3459
-3435
-3441
-3127
-2969
-2911
-2939
-2879
-2907
-3006
-2985
-2795
-2551
-2601
-2833
-2842
-2713
-2618
-2414
-2258
-1729
-1199
-892
-480
-342
-368
-529
-793
-1253
-1963
-2120
-1779
-1634
-1189
-814
-821
-484
-241
-282
-528
-626
-724
-816
-855
-1091
-1452
-1489
-1364
-1503
-1514
-1417
-1456
-1403
-1542
-1742
-1698
-1892
-1928
-1740
-1367
-831
-138
336
327
36
-475
-532
-152
203
403
573
894
1182
1506
1648
1785
1889
2014
2066
2016
2097
2078
1778
1681
1586
1670
1775
1260
1151
815
478
584
516
661
989
1258
1512
1846
1735
1101
767
551
255
-51
-623
-866
-708
-425
-359
-316
-134
199
661
1108
1434
1766
2162
2305
2128
1771
1711
1820
1751
1383
841
352
-11
33
-28
-203
-96
-91
-63
-44
165
366
593
835
1065
1256
1307
1056
456
74
-156
-262
-230
-287
-616
-774
-838
-983
-1102
-1251
-1619
-1895
-2149
-2562
-2726
-2721
-2486
-2181
-1904
-1582
-1145
-586
-326
-128
-201
-570
-712
-719
-598
-427
-451
-252
-261
-339
-327
-464
-791
-1366
-1770
-2176
-2530
-2554
-2378
-2025
-1570
-1197
-574
-190
131
512
627
1058
1343
1396
1468
1266
933
662
712
1030
1502
1920
2336
2438
2246
2106
1691
809
-30
-780
-1513
-1777
-1963
-2174
-2094
-1408
-445
206
709
743
599
716
487
94
-193
-425
-377
-240
-498
-517
-276
16
855
1486
2019
2183
2343
2992
3478
3815
4042
4004
3424
2560
1755
1203
965
698
564
351
-123
-418
-658
-852
-1152
-1776
-2439
-3075
-3371
-3717
-3887
-3535
-3169
-2539
-1938
-1540
-844
-324
-500
-1017
-1801
-2579
-3373
-3812
-3648
-3341
-2450
-1297
-501
-180
-228
-416
-482
-804
-961
-1180
-1507
-1480
-1538
-1543
-1198
-601
-552
-870
-1109
-920
-255
339
613
637
576
191
-68
2
74
-53
-35
363
532
913
1115
1252
1754
2302
2935
3221
3318
3565
3608
3277
2891
2387
1903
1713
1370
989
1003
1153
1289
1365
1010
458
209
270
154
-221
-556
-427
37
550
714
846
994
1011
882
480
223
-236
-581
-794
-1264
-1295
-1022
-995
-881
-546
-388
174
883
897
796
786
524
408
278
-100
-364
-495
-500
-282
-20
-239
-232
-36
62
158
155
325
332
239
162
361
733
929
1123
1283
1135
663
278
-18
-390
-387
-450
-667
-700
-631
-386
-251
-290
-497
-600
-701
-970
-881
-606
-590
-723
-680
-724
-902
-1087
-957
-516
5
339
345
710
776
561
454
116
-208
-508
-860
-1160
-1735
-1835
-1496
-1184
-1024
-843
-402
-351
180
679
643
687
539
444
464
410
270
487
578
466
541
556
288
-150
-509
-627
-433
31
457
633
676
605
680
471
158
251
555
944
913
772
493
362
297
121
-179
-550
-794
-1006
-751
-737
-798
-649
-411
240
670
943
1434
1569
1481
1180
540
-184
-743
-1022
-1271
-814
118
1065
1861
2300
2612
2406
1760
845
-491
-1603
-2383
-2897
-2748
-1885
-874
-175
805
910
172
-493
-958
-1086
-1097
-1223
-1336
-907
-376
317
752
731
746
414
-195
-727
-1104
-1104
-553
74
586
1012
1582
2177
2407
2344
1947
1535
1185
588
21
-118
-95
205
760
1110
1318
1518
1018
575
211
-316
-78
40
421
1271
1740
1771
1647
943
-96
-1127
-1913
-2218
-2480
-2476
-2401
-2177
-1995
-2317
-2846
-2995
-2938
-2790
-2518
-2361
-2121
-1622
-1175
-1246
-1563
-2339
-3392
-3830
-3802
-3219
-2126
-920
-308
-322
-492
-917
-1283
-1707
-2363
-2880
-3259
-3644
-3427
-2983
-2861
-2519
-1751
-1481
-1926
-2889
-4174
-5113
-5271
-4701
-3642
-2713
-1860
-1139
-1020
-1250
-2131
-3387
-4928
-6098
-6524
-6303
-5250
-3812
-1895
898
4642
9681
15941
21962
26512
28694
28647
26733
22598
17060
10826
4797
233
-2308
-3091
-2265
-838
246
730
152
-1632
-3695
-5492
-6843
-7621
-8038
-8139
-8091
-7779
-7319
-6519
-5471
-4473
-3290
-2171
-1160
-463
-212
-380
-941
-1869
-2480
-2496
-2292
-1575
-518
485
1528
2563
4209
6072
7526
8516
8700
8410
8386
8313
7872
6978
5937
5004
4358
4067
3639
2894
1106
-646
-1896
-2972
-3036
-2271
-1099
362
1328
1864
1922
1221
498
350
1120
2316
3819
5546
6887
7331
7044
6126
4447
2405
798
-430
-1383
-1896
-2041
-2680
-4130
-5473
-6775
-8049
-9417
-10785
-11598
-12657
-13850
-14537
-14620
-14751
-14673
-13705
-12030
-10229
-8446
-6649
-5359
-4695
-4354
-5006
-6961
-9178
-10653
-11168
-10720
-9420
-7765
-5608
-3609
-2582
-1854
-1501
-1270
-1028
-212
1053
2096
2326
2025
2239
2971
4250
5120
5014
3794
2107
1773
2280
2764
3129
3273
3619
3689
3765
3648
3094
2484
2406
3501
4567
5362
5976
4903
2397
328
-895
-637
1312
3207
4187
3841
2463
681
-1206
-2541
-3468
-3378
-1602
1337
4313
6224
7183
7675
7537
6599
5134
3535
2528
2523
3169
3866
4986
5540
5167
5526
6798
8628
9739
9036
7056
4108
1382
-617
-1269
268
1275
430
-759
-843
674
1725
1081
-449
-1612
-2518
-3713
-4546
-3852
-2337
-1277
-842
-656
-281
12
841
1683
1237
-312
-1967
-3208
-3830
-4576
-5562
-4451
-1543
1458
4086
6687
8373
8359
6086
2192
-1368
-4270
-6944
-7963
-6391
-3490
-594
1042
1032
552
-549
-1999
-2379
-2441
-2725
-2994
-3634
-4738
-5545
-5871
-5108
-3862
-3044
-3211
-4522
-5625
-4938
-3196
-1215
894
2440
2015
-515
-3834
-6214
-7392
-7455
-5702
-2855
873
4947
8481
11425
13149
13080
10102
4440
-345
-3318
-4944
-4706
-2086
2458
6604
9065
9633
8105
5961
5289
6070
6717
5424
2095
-2156
-4995
-5327
-5146
-4278
-2262
-1120
-1120
-1546
-1536
-838
-1035
-2671
-4820
-6254
-5970
-4201
-3332
-3327
-2550
-609
2400
5506
7446
7084
4790
2369
1079
440
584
1305
1152
468
-645
-1920
-1944
-1025
-987
-1622
-2458
-2529
-788
1068
1865
1244
-1201
-3370
-4459
-3770
-1468
763
2752
4331
5104
4618
2907
603
-2458
-5150
-5252
-3402
-1490
303
2254
2873
824
-2330
-3160
-1628
-434
-422
-1161
-1441
-1145
-404
166
-10
-575
-514
-3
-759
-2581
-4575
-5546
-4268
-1770
1421
4785
6267
6241
5764
4782
3174
951
-850
-1461
-207
1864
3223
4601
5912
6303
5187
2831
1022
-593
-1945
-2695
-2736
-1502
270
1745
1270
-1703
-4327
-4335
-2884
-1810
-1278
-671
314
1542
1503
-899
-2644
-2654
-2728
-3331
-4412
-5390
-5528
-4928
-3975
-3149
-2067
-64
1572
2174
2893
2895
2067
1139
-106
974
3826
4652
3288
878
-1575
-3271
-4286
-3300
232
4935
8955
9854
6735
2646
113
-2008
-4664
-6559
-6462
-5167
-3920
-1718
1709
4455
4296
2129
271
-746
-1656
-1615
-470
45
-887
-2166
-2105
-567
391
-766
-2568
-2987
-1513
1964
6047
9217
10999
11073
10258
7279
2138
-2291
-4819
-5572
-5264
-5229
-5149
-2991
124
2255
3551
4179
3555
1040
-2281
-4533
-5585
-6944
-8658
-8981
-7008
-2874
1801
4680
5308
4333
3076
1868
519
-850
-3248
-5830
-4863
-1677
-89
-555
-2357
-2928
-1237
859
1870
1167
747
1735
2840
3213
3555
4179
3976
1680
-1481
-3422
-3727
-3817
-4728
-5380
-6446
-8684
-10823
-10083
-6034
-600
3682
5146
5329
4780
3272
848
-2410
-3532
-1102
2328
4672
4351
2529
2339
4895
8517
9948
7227
2153
-1284
-1559
857
4720
7490
7051
5100
2475
-275
-1998
-4707
-7671
-8404
-5584
-379
2822
3707
5403
7316
6470
1374
-4540
-6277
-4788
-3440
-2987
-3029
-3520
-3026
184
3619
2555
-1041
-1365
1051
2041
1883
2634
3721
2616
-586
-2862
-3741
-4067
-5214
-7123
-6366
-2488
2331
6534
6979
3817
665
32
1115
2379
3206
1559
-1853
-3203
-1379
2392
4909
3390
-1615
-7829
-11808
-11892
-7095
1264
6556
6071
2585
101
1753
4701
5605
4045
-478
-6387
-9830
-9081
-5286
-981
1727
3231
5083
7737
9602
8484
4051
-1390
-4731
-5000
-4051
-3409
-3699
-4471
-3400
263
4967
8201
7129
3073
-948
-3852
-5540
-7449
-10130
-12867
-14854
-15003
-12502
-8009
-2511
2875
6678
7968
6521
3683
2039
1646
2117
3533
5588
7734
9278
9627
8370
5683
2863
1877
2890
4136
4705
6115
8644
10115
9534
7200
2930
-2453
-5840
-5324
-2133
208
-413
-3040
-5516
-6309
-5588
-3524
-762
2568
7387
11849
13525
11392
6205
484
-3879
-6855
-7793
-6006
-3208
-1687
-2019
-3872
-6847
-9941
-12103
-13413
-14215
-13442
-9117
-1854
5151
8519
6514
1321
-3158
-4551
-3752
-2495
-2325
-3213
-3280
-2150
603
4200
6022
5323
2844
512
-1534
-3816
-5427
-5729
-3693
360
4958
8842
10682
10984
10738
9056
5335
258
-4009
-6043
-7024
-7400
-6181
-3458
457
4183
6209
6510
5351
3241
824
-1362
-3496
-5343
-6127
-5821
-4440
-2833
-1936
-1779
-2693
-3649
-2581
156
2376
4513
6884
8401
7669
3902
-529
-3062
-2617
-244
1642
3031
4582
4966
4316
3826
3682
3290
1292
-2300
-5365
-5992
-4555
-3083
-2960
-3828
-4661
-4462
-3719
-3015
-1968
-273
2156
3038
2084
1139
1116
2319
2597
662
-1146
-1349
-630
270
1362
3054
3265
1975
1228
1183
1513
1422
1701
2967
4314
4139
2406
617
-916
-2087
-3146
-5057
-7310
-8989
-9112
-7206
-3314
1636
4755
4600
2439
48
-1387
-1262
234
2476
4452
5487
5849
6125
5134
2393
388
-740
-1881
-1933
-974
-348
-580
-1852
-3263
-3488
-3041
-2768
-2839
-3186
-3120
-1971
-488
-600
-2973
-6339
-7959
-7550
-5641
-2270
-59
-430
-299
657
632
336
492
619
790
767
214
-246
-892
-1650
-2238
-2152
-1334
-896
-377
872
1792
1652
1342
1015
777
307
-402
-824
-332
1644
3456
3775
3622
3403
2099
227
-1417
-2789
-3752
-4014
-3911
-3657
-2292
1074
5027
7865
9629
8980
6150
3088
395
-1235
-1832
-1680
-1024
44
1885
4705
8242
13068
18178
21355
22247
21858
20542
17980
14694
10568
5155
-1540
-8532
-15042
-21034
-26507
-31335
-32768
-32745
-32765
-32277
-29841
-25629
-21452
-16483
-11367
-7796
-6371
-6813
-7626
-7472
-5924
-2872
1336
5633
9445
12539
14720
16141
16347
15768
15301
14887
13998
12363
10670
8595
7476
8272
9525
10624
10963
10560
10002
8695
6035
2664
-152
-1023
-269
1198
2688
3568
4334
4977
5089
4460
3006
1169
-71
-655
-576
-337
88
423
307
-343
-1834
-2986
-3476
-3967
-4631
-5486
-6619
-7161
-6085
-3922
-1215
1154
2426
2881
2961
2003
386
-1580
-3592
-4814
-4818
-3701
-1752
252
2262
3798
3929
2368
-388
-3127
-5290
-6856
-7334
-6642
-4733
-2126
126
1416
1874
1370
-32
-1567
-3011
-3830
-3872
-3807
-3758
-3594
-3376
-2520
-1683
-1138
-718
-292
247
965
2197
2560
1840
859
68
-109
295
638
911
1627
2062
2004
1521
1171
1133
1177
1481
1975
2581
2774
2717
3009
3307
3531
3602
3549
3569
3731
3835
3692
3623
3049
2220
1331
253
-544
-757
-429
23
346
432
-121
-720
-959
-1446
-1477
-1442
-1393
-736
-218
224
763
1043
788
510
946
1163
1405
2160
3157
4275
5369
6073
6635
7005
6712
5974
4890
3219
2066
1673
1115
916
1445
2214
3279
4234
4697
4735
3808
2576
1591
1293
1182
1269
1618
1592
1341
816
-134
-1567
-2779
-3833
-5024
-6001
-6559
-6524
-5008
-3076
-1603
-697
-1227
-1854
-2799
-4011
-4953
-5863
-6207
-5400
-3715
-1528
-237
363
712
1112
964
-278
-1576
-3829
-6069
-5684
-4874
-3101
-1132
529
2607
4084
4741
4505
3064
1589
-294
-2001
-3004
-4175
-3652
-1382
-240
-227
-124
-98
-566
-805
-982
-242
1081
1590
1314
606
-17
-702
-1329
-1890
-2691
-3270
-3104
-2966
-2665
-1850
-713
485
1382
1749
1638
1141
607
398
-344
-1046
-694
-69
80
-346
-536
-718
-1044
-1412
-1374
-576
418
1590
2820
2927
1819
1914
1520
-13
-1289
-2034
-1896
-1034
17
727
1200
1200
614
2
-324
-239
10
529
1454
2433
2555
2306
2090
2126
2207
1793
1433
954
124
-894
-1647
-2037
-1959
-1687
-1476
-477
728
1886
2432
2033
1003
-201
-950
-2016
-3248
-3990
-4567
-4456
-3905
-3704
-3434
-2957
-2773
-3054
-3233
-3591
-4012
-4507
-6056
-7594
-8134
-7601
-6837
-6469
-6129
-6187
-6882
-7386
-7163
-6456
-5555
-5090
-5285
-5495
-5590
-5680
-5466
-5074
-4387
-3123
-1481
522
2656
4388
5511
5765
5016
4054
3419
3575
4439
6245
8794
11113
13223
14708
15210
14696
12754
10401
8400
6948
7320
8770
10569
11864
11938
11152
9464
7365
5695
4417
3494
3714
4370
4808
4702
4488
4191
3252
2214
976
-72
-446
-197
-254
287
1008
168
-1104
-3413
-5654
-6499
-6454
-4877
-1990
-12
138
-891
-2389
-3962
-5742
-7641
-9188
-10179
-9610
-7002
-4011
-2076
-1679
-1837
-1874
-2528
-3770
-5318
-6736
-7559
-7061
-5518
-3563
-1558
-574
-1119
-1336
-1418
-2510
-3778
-4964
-5930
-5924
-5224
-4488
-3702
-3573
-4102
-4687
-5119
-4843
-4047
-2844
-1318
390
2323
3770
3670
2660
762
-1463
-3555
-5279
-5959
-5844
-4490
-1635
1615
4109
5374
5298
3690
1336
-435
-1860
-2846
-2696
-1523
354
2495
4360
5563
6140
6448
6384
5964
4961
3473
2203
1366
947
792
958
1742
2597
3545
4540
5288
5461
5021
4694
4261
3886
3539
2942
2193
1643
968
300
-10
-441
-1192
-2310
-3312
-3186
-1513
698
2463
3082
2820
1492
-1144
-3503
-5316
-5781
-4928
-2949
-245
2345
4158
4750
4425
3565
2083
357
-1000
-1371
-976
-670
-779
-1531
-2571
-3646
-4403
-5116
-5455
-5221
-4171
-1556
1201
2847
3130
2272
396
-1713
-3602
-5143
-5639
-4847
-3168
-1124
608
1414
2050
2613
2998
3140
3034
2401
1286
800
1378
2582
3703
4681
5768
6544
6589
5605
3886
2001
-58
-1815
-2626
-2250
-499
1465
3058
3847
3613
3189
2961
3266
3009
2068
1185
207
-109
8
229
1059
2319
3978
5862
6802
6191
4401
1041
-3078
-6330
-7953
-7592
-5639
-2748
67
2814
4725
4889
3418
638
-2516
-4854
-5630
-4850
-2938
-466
1567
2470
2273
1149
-353
-1474
-1663
-630
1725
4492
7292
9642
10636
10636
10228
9659
8879
7630
5610
2780
-421
-3348
-5426
-6535
-6731
-6032
-4765
-3263
-1928
-188
1114
1552
2428
3149
2633
472
-3324
-7359
-9581
-10105
-9892
-9589
-9728
-10035
-9928
-9643
-9320
-9381
-10499
-12320
-14373
-15668
-15887
-14931
-12675
-9434
-5670
-1898
1441
3843
4451
2901
-179
-3738
-6457
-7314
-6132
-3603
-713
1860
3720
4691
4725
3988
2756
1321
458
614
1666
2908
3657
3794
3141
2165
1484
1517
2083
2643
2450
1794
1627
2370
3881
5605
6798
7066
6278
4421
1952
-415
-2428
-3629
-3605
-2433
-542
1767
3438
3910
3325
1765
-178
-2013
-2363
-618
2409
5504
7447
7097
4799
1540
-2058
-4786
-5395
-3456
20
3463
5267
5856
5723
5120
4013
2331
806
-186
442
1970
3109
3863
3738
3443
3027
2320
1492
465
-371
-780
-338
1552
4353
6666
7627
6742
3906
184
-2712
-4760
-5900
-5658
-4675
-2637
-136
1927
3743
4372
3420
1273
-1292
-3496
-4745
-4453
-3339
-1780
54
1210
1311
409
-694
-1298
-1021
2
1685
3415
4618
4524
3104
1235
-691
-1882
-1889
-993
618
2187
3065
3371
3324
2646
978
-889
-2035
-1070
1442
4077
5840
5983
5247
3944
2532
1295
451
572
1003
1379
1938
2115
1738
633
-1115
-2571
-3190
-2937
-1796
-507
130
148
-754
-2560
-4837
-7098
-8518
-8452
-6932
-4811
-2399
-652
261
716
-77
-1668
-3925
-6108
-7837
-8521
-8068
-7237
-6033
-4987
-4095
-3209
-3403
-4608
-6362
-7961
-8359
-7390
-5592
-3820
-2483
-1964
-1958
-1732
-1323
-944
-83
675
1360
2260
2886
3223
2531
1418
424
-180
84
1057
2706
4635
6623
8314
9698
10806
10974
9916
7829
4971
2404
956
449
743
1119
1142
1087
1273
1494
1918
2427
2288
1406
519
-560
-1508
-1855
-1727
-943
-265
54
463
531
813
1466
2303
3102
4186
5260
6099
7278
8019
7839
7231
6255
5324
4688
4822
5484
6426
7888
8592
8878
8922
8001
6704
4927
2793
1091
-78
-680
-557
-536
-1233
-2249
-3386
-4732
-5867
-6829
-7840
-8650
-9106
-9024
-8639
-8310
-8143
-8235
-8156
-7745
-7218
-6538
-6064
-5217
-3801
-2553
-1484
-819
-1281
-2668
-4522
-6234
-6592
-5794
-4002
-1426
824
2606
3976
4777
4670
3892
2421
821
100
212
821
1044
562
-328
-1437
-1876
-1474
-547
399
1118
1378
585
-520
-2136
-4086
-5935
-7162
-7482
-6863
-5342
-3485
-1795
-993
-786
-1030
-1603
-2690
-4487
-5887
-6705
-6451
-5650
-5018
-4681
-4769
-4928
-4958
-4415
-3370
-2253
-1727
-1830
-2044
-2020
-1924
-1808
-1570
-1259
-700
118
1022
1822
2614
2980
2506
1337
360
-3
47
341
798
886
1541
2797
3522
3813
3454
2880
2640
2303
1900
1701
1402
1350
1340
1070
106
-1554
-3146
-4356
-4752
-4628
-3919
-2417
-889
317
1422
2534
3091
2936
2467
1850
879
-244
-1238
-1457
-963
-43
997
1693
2643
3310
2813
1998
1768
2303
3330
4133
4554
4536
3979
3023
2387
1662
653
283
421
1392
2508
2570
1708
894
743
808
730
808
1816
3744
5804
6953
6990
6661
6789
6735
4798
1973
-32
-1322
-2417
-3442
-3858
-3527
-3232
-3455
-3723
-2880
-526
2370
5433
7999
9777
10481
10393
9509
7371
4545
1411
-1532
-4014
-5864
-6259
-5957
-6158
-6251
-5937
-5992
-6308
-6973
-7935
-8482
-8667
-7834
-5531
-2835
-1000
15
935
1757
2351
2544
2959
4147
5130
5818
6972
8581
9547
8799
6237
2619
-810
-3597
-6135
-8234
-8229
-6359
-4170
-1764
595
3203
5873
7097
6944
5264
2643
920
347
189
153
-250
-1169
-2167
-3029
-3319
-2585
-1382
-367
531
1671
2120
2534
3595
4626
4934
4281
3526
2589
545
-2574
-6191
-8223
-8170
-6371
-3167
-469
1223
1884
1360
817
927
598
-352
-1071
-1707
-2673
-3314
-3099
-3141
-4484
-6180
-7407
-7443
-5680
-2599
455
3005
4767
5903
6000
5514
5630
5793
5402
4379
3369
2936
2720
2144
799
-846
-1297
-701
152
1525
3471
5048
5831
5994
5780
4997
3076
840
-1352
-3364
-5011
-6239
-6964
-7767
-8353
-7652
-6134
-5140
-5421
-6423
-6878
-6101
-4632
-3598
-3067
-2948
-3404
-4459
-5267
-4574
-2078
1288
3784
5125
5559
5632
5419
4795
5499
7728
9940
10547
9099
6993
5465
4330
3081
2395
2995
3545
3066
2245
1085
-363
-2138
-4052
-4584
-3962
-3304
-1777
761
3556
4891
4589
3580
1950
479
-1
608
851
-1251
-3757
-3172
475
4418
6754
7570
6820
5018
3117
277
-2838
-4051
-3307
-1986
-1919
-4532
-9547
-14184
-14137
-10072
-6289
-2710
1858
5094
6522
8141
9029
6982
3790
1347
-981
-4630
-8830
-10869
-9478
-6707
-6015
-7410
-7729
-5847
-3275
-592
1189
1821
3856
7334
8144
5249
540
-4577
-8405
-9484
-8409
-5488
-465
3395
2830
-449
-3609
-5995
-4952
-721
2560
3785
3788
4337
5178
5411
5875
6217
5869
5895
6711
8147
9106
9265
9064
8436
7169
5549
4025
671
-2762
-3349
-3261
-3742
-3831
-2018
617
1665
1748
1507
192
-1005
-333
3055
5813
3501
-2135
-7031
-8996
-7972
-5488
-3851
-3208
-3324
-3774
-2613
-2388
-4987
-7533
-8594
-8414
-7627
-6123
-3809
-1789
-87
1288
1706
1697
1755
992
-1063
-1665
1186
4987
8260
10811
9865
6618
5744
6924
5803
407
-6478
-10032
-9455
-7208
-5743
-4618
-3676
-3730
-3793
-5140
-8704
-10923
-7561
380
7160
8889
6264
3778
3922
3996
1658
-2771
-7477
-9750
-8536
-5596
-3320
-2188
-798
1249
3182
4038
3495
2983
3533
4859
5197
3670
1176
-1227
-2931
-4428
-5464
-5154
-3407
-96
4344
8704
10630
9525
7190
5148
4792
5799
5691
2928
16
-1517
-3173
-5462
-5639
-2414
1363
2833
1404
-794
-1906
-2151
-2463
-2470
-2954
-4356
-5724
-6381
-6240
-5802
-5660
-6365
-7441
-7870
-7471
-6847
-5683
-3663
-1184
1796
5299
8863
11644
13681
15353
16119
15965
15206
13472
11999
11758
11714
10274
8040
6205
4623
3223
1616
-442
-2169
-3534
-4304
-4646
-5497
-6598
-6965
-5890
-3711
-1234
1138
2221
2423
2669
2515
1834
1137
118
-1787
-3568
-4081
-2875
-1029
235
889
1192
-102
-2429
-3691
-4137
-4710
-5739
-6758
-7535
-8114
-8878
-9714
-10380
-10586
-9395
-7412
-5104
-2965
-1468
-910
-1158
-1898
-3065
-4003
-4641
-5327
-5701
-4504
-2799
-2571
-3129
-3231
-3183
-3517
-3719
-2435
568
3747
5358
4413
2349
1178
1214
1087
1063
2157
3358
3973
3187
1399
437
1426
3932
6237
7207
8255
9884
11417
11820
11563
11156
9238
6278
3427
1027
241
834
1902
2437
1273
-551
-2412
-4264
-5776
-7114
-7809
-7546
-6863
-6603
-7335
-8589
-8698
-7193
-4838
-1822
1568
4029
5295
5459
4542
4222
4287
2760
1001
759
925
82
-655
341
2378
3335
3845
5694
7895
9725
10975
10544
9398
8311
7178
6600
6060
5168
3326
593
-1639
-2158
-1338
-277
80
-159
-188
24
558
1377
1470
1060
1911
2929
3016
2196
611
-678
-1350
-2206
-2542
-3421
-6115
-9239
-11760
-12207
-10173
-6980
-4689
-3781
-2895
-2055
-1561
-970
-1138
-2154
-2937
-2845
-2176
-2274
-2766
-2973
-2292
-1117
-275
230
531
900
668
1
-1497
-3047
-3229
-2668
-2330
-1904
-1217
-1178
-1858
-2609
-2113
-691
564
1412
2594
3689
3565
2767
1833
799
349
1005
3122
5545
6024
4402
1893
177
-587
-994
-924
-1611
-3004
-3960
-4575
-4780
-4564
-4449
-3801
-2687
-688
1571
2682
2159
496
-667
-1158
-1004
-594
-998
-1506
-1219
-1241
-898
638
1540
1767
2397
2450
1240
-212
-1144
-1595
-1418
-89
2490
4189
3829
2429
435
-554
-461
1
-378
-1739
-2695
-2405
-936
537
1064
1656
1959
1507
865
769
851
712
880
1159
1731
2610
3863
5568
7576
10035
12382
13286
12728
11898
11079
11052
11590
11543
11798
14020
17852
22296
25389
23623
15230
1297
-14134
-25889
-32062
-32762
-32768
-32762
-32768
-32765
-32766
-32765
-32678
-31990
-30327
-28275
-25373
-21668
-17985
-14446
-11016
-7483
-3541
1861
7744
12956
18158
22879
27148
30711
32661
32662
32097
30259
26409
22236
18679
15623
13285
11610
10483
9949
9552
8942
7500
5645
3862
1901
140
-835
-1699
-3129
-4267
-5607
-6524
-6454
-6025
-5037
-3884
-2413
-866
477
998
338
-764
-1624
-1981
-2160
-2853
-3232
-3142
-2568
-1681
-1254
-968
-506
-162
239
712
644
314
-1
-154
-229
-349
-408
-380
-239
-473
-724
-1109
-1376
-1429
-1687
-2051
-2689
-3071
-3131
-3005
-2707
-2774
-2731
-2717
-2671
-2356
-1945
-1718
-1899
-2292
-2594
-3011
-2919
-2713
-2755
-2661
-2544
-2635
-2549
-1947
-1218
-573
43
208
482
944
1209
1531
1805
2002
2196
2442
2823
3371
3676
3573
3407
3420
3329
3181
2969
2891
3204
3591
3626
3587
3154
2711
2417
2452
2574
2305
2427
2894
3525
4294
4953
5661
6231
6157
5517
4690
3872
2968
1782
543
-958
-2081
-2558
-2862
-2995
-3098
-2931
-2778
-2546
-2314
-2082
-1821
-1770
-1727
-1757
-1659
-1478
-1456
-1352
-1105
-669
-90
464
673
999
1240
1345
1713
1943
2249
2367
2388
2688
3345
3889
4634
5508
5909
5981
5899
5582
5278
5193
4763
4415
4235
4060
3820
3515
3173
2719
2162
1501
654
-61
-639
-1314
-1743
-2283
-3006
-3435
-3766
-4032
-4410
-4761
-5016
-5007
-4671
-4257
-4114
-4216
-3943
-3612
-3401
-3268
-3032
-2586
-2258
-1914
-1520
-1452
-1162
-859
-861
-895
-953
-932
-736
-843
-859
-572
-498
-229
-171
-345
-488
-556
-714
-872
-888
-1294
-1567
-1865
-2120
-2085
-2171
-2339
-2518
-2616
-2506
-2403
-2468
-2365
-2178
-2000
-1928
-1940
-2027
-2107
-2141
-2028
-1874
-1786
-1767
-1867
-2018
-2027
-1661
-1477
-1610
-1771
-1746
-1515
-1195
-979
-996
-922
-771
-744
-713
-516
-264
-158
-140
60
-97
-464
-393
-278
-37
144
289
307
350
540
494
574
452
332
522
600
679
789
738
653
666
775
970
1238
1458
1550
1633
1653
1656
1549
1331
1368
1296
822
238
-391
-886
-1248
-1701
-2371
-3146
-3517
-4002
-4466
-4611
-5095
-5273
-5308
-5619
-5506
-5341
-5234
-4916
-4655
-4463
-4289
-3986
-3381
-2792
-2431
-2064
-1593
-1142
-621
-163
301
835
1394
1827
2230
2911
3698
4484
4976
5537
6095
6611
6996
7177
7075
6753
7013
7344
7403
7377
7422
7370
7384
7437
7225
6966
6697
6758
6633
6202
5450
4748
4196
3456
2947
2637
2411
2147
1828
1656
1419
1305
1134
782
214
-493
-656
-876
-1242
-1458
-1545
-1534
-1696
-1916
-2170
-2426
-2681
-3194
-3721
-4112
-4753
-4788
-4773
-5141
-5395
-5968
-6128
-6102
-6090
-6362
-6670
-6283
-5828
-5227
-4600
-4128
-3681
-3242
-3071
-2926
-2748
-2474
-2126
-1940
-1889
-1958
-1905
-2141
-2382
-2246
-2354
-2407
-2547
-2865
-2881
-2808
-2613
-2467
-2242
-1922
-1245
-276
132
111
-17
-345
-431
-596
-1014
-1336
-1526
-1484
-1478
-1754
-1800
-1532
-1459
-471
445
743
1582
1789
1696
1469
1239
1380
1259
964
464
378
356
489
1058
1360
1671
2036
2570
2995
3378
3628
3358
3364
3061
2524
2447
2624
3140
3733
4346
4828
5034
4869
4428
4219
4009
3846
3781
3595
3712
4193
4330
4368
4579
5061
5095
4731
4986
4691
4076
3502
2576
1904
1314
655
-252
-1397
-2222
-2689
-3254
-4073
-4997
-5366
-4897
-3933
-2876
-2178
-1981
-1919
-1924
-2120
-2221
-2631
-3087
-2987
-2795
-2621
-2035
-1436
-1372
-1228
-1643
-2572
-3351
-4634
-5896
-6223
-5947
-5351
-4918
-4654
-4450
-4072
-3459
-2813
-2357
-2026
-1746
-1520
-1553
-2102
-2554
-2799
-3041
-3025
-2505
-1432
152
1800
2976
4063
5052
6033
6962
7728
8170
8202
8567
8791
8769
8440
7067
5502
4341
3418
3083
3080
3053
3171
3094
2576
2057
2011
2210
2627
3323
3549
2492
1630
794
78
585
1309
1780
2405
3200
3754
3849
2912
1414
-179
-1436
-1636
-1417
-1249
-1288
-1363
-1319
-1256
-1208
-1112
-316
481
699
341
-441
-710
35
715
597
-440
-1998
-3229
-4315
-5387
-6808
-8249
-8901
-9286
-9469
-9404
-9522
-9656
-9339
-8437
-7046
-5865
-5217
-4559
-4002
-3490
-2825
-2085
-1131
-34
878
1679
2417
3018
3415
3569
3222
2526
1688
973
740
927
1141
1071
891
1050
1030
491
-33
-762
-1399
-1950
-2355
-2292
-2288
-2034
-1639
-1464
-1575
-1963
-2444
-2408
-2203
-1591
-815
-311
557
1465
2137
2528
2514
1987
1460
812
325
303
292
459
587
881
1157
1545
2302
2595
3116
3492
3131
2971
2558
1828
1303
491
-103
-222
-465
-669
-786
-615
-353
-205
-129
-17
206
344
489
502
394
582
602
803
1112
1588
2207
2418
2700
3001
3173
3012
2720
2208
1733
1507
1446
1320
1032
645
115
111
215
258
314
315
901
1413
1566
1556
1518
1646
1840
1893
1689
1413
1340
1277
949
572
-15
-203
-30
-19
169
354
322
281
439
804
1009
1311
1270
1077
920
491
56
-254
-668
-1278
-2072
-2584
-2817
-2984
-2902
-2992
-3259
-3457
-3827
-4283
-4345
-4346
-4328
-4085
-4045
-3932
-3735
-3716
-3401
-2857
-2655
-2662
-2761
-2982
-3284
-3626
-3764
-3958
-4073
-4328
-4584
-3887
-3662
-4084
-4226
-4164
-4177
-4036
-4144
-4356
-4321
-4067
-3816
-3710
-3604
-2988
-2398
-2337
-2317
-3021
-4182
-4990
-5321
-4961
-4359
-3877
-3084
-2240
-825
1614
4342
7410
10784
14315
17542
19481
20053
19434
18125
16615
15841
15186
14240
13365
12582
11507
10043
8445
6817
5060
3411
1941
844
399
-112
-545
-474
-779
-860
-897
-1262
-1295
-897
-405
-186
-180
40
351
895
1158
1141
1393
1702
2063
2649
3357
3446
3763
4251
4607
4865
4804
4486
3905
3147
2213
1370
940
748
521
225
-79
-333
-595
-1220
-2030
-2475
-3259
-3520
-3713
-4404
-4770
-5237
-5238
-4828
-4867
-4887
-4823
-4611
-4334
-4280
-4200
-4174
-3810
-3149
-2549
-2111
-2072
-2160
-2326
-2600
-2839
-2849
-3116
-3601
-4229
-4786
-5346
-5934
-6247
-6601
-7146
-7761
-8184
-8507
-8761
-8744
-8152
-7266
-6456
-5990
-5917
-6318
-7289
-8369
-9139
-9148
-8809
-8690
-8470
-8064
-7558
-6760
-6207
-5734
-5386
-5054
-5212
-5496
-5232
-4455
-3396
-2592
-2139
-1627
-360
1452
3294
5084
6324
6409
6046
5374
4699
3907
2717
1454
128
-1230
-2062
-2076
-1717
-1783
-2426
-2388
-1503
-19
1788
3886
6718
9507
11308
11872
11448
10702
9806
8455
7115
5968
4832
3429
1685
485
81
-420
-408
900
2605
3621
3883
3707
3357
2994
2675
2774
3292
4083
4941
5121
4793
4532
4487
4418
3851
3572
3586
3412
3472
3646
4047
4048
3017
1906
1233
759
446
995
2307
3796
4678
4255
3373
2385
1805
1058
-382
-1969
-3322
-4015
-4293
-4957
-5686
-5690
-4868
-3254
-1526
305
2049
2572
1947
1381
1300
1038
731
309
-380
-959
-1637
-2101
-2182
-2258
-1264
558
1991
2954
3481
3660
3514
3122
2907
2774
1997
-111
-2797
-5156
-6898
-8046
-8891
-9532
-9849
-9829
-9338
-8540
-7425
-6264
-5173
-4032
-3098
-2874
-3255
-3581
-3621
-3190
-2109
-159
1974
3142
3425
3306
3409
4202
6010
8085
9161
8647
7153
5540
3499
1129
-1324
-2939
-3239
-2947
-2392
-2190
-2755
-3093
-2788
-2134
-1586
-1214
-375
906
1717
1943
1674
1522
1986
3177
4653
5425
5762
5516
4415
3021
1917
1839
2202
1706
904
1228
2052
3063
4686
5922
5474
3663
2609
3690
5063
4668
2298
-1093
-4104
-6408
-8454
-10275
-11910
-12547
-11969
-11406
-11063
-10035
-8860
-8220
-8500
-8912
-8523
-6985
-4547
-1517
2670
6715
9507
11042
11453
11031
9828
9091
9883
10783
10209
8678
6799
4548
2470
1752
2237
2635
1587
-1332
-5959
-10445
-12746
-12208
-9255
-5776
-3886
-4111
-4985
-4873
-2737
864
3984
5364
4885
4212
4772
5940
6384
5554
3428
762
-790
-583
-347
46
2678
6179
7141
5067
1899
-1318
-3981
-5825
-6820
-6691
-5789
-4763
-3513
-2384
-1878
-1050
561
1480
-58
-3380
-6454
-7850
-7718
-6376
-3763
-787
969
1923
4153
6729
7714
7528
7083
7120
8309
9094
7757
4515
453
-2541
-4496
-6374
-7573
-7343
-5699
-3660
-2604
-2621
-2348
-1741
-691
869
1408
1326
1393
1059
332
-580
-1855
-3312
-3829
-3353
-2083
365
2920
3631
2303
382
-1305
-2684
-4650
-5772
-5187
-4194
-3157
-1913
-142
1643
3247
4880
6085
6297
6009
6645
7857
7369
5031
3843
4793
5719
4536
1612
-1074
-1961
-1491
-1883
-3674
-5201
-5564
-5147
-4048
-2410
-748
-411
-1354
-1828
-779
103
-1116
-2665
-4137
-5931
-5377
-1648
2476
4464
4286
3046
1737
148
-1728
-2425
-441
3999
7582
8266
8210
9015
8788
6731
4448
2020
-339
-1356
-399
1612
2699
2558
-142
-4027
-6424
-7734
-8300
-9018
-10235
-10407
-9341
-8423
-7444
-5628
-2170
1816
4181
5096
5370
5940
7188
7684
5930
3164
-472
-5183
-7972
-6748
-4618
-3747
-2534
-1765
-2954
-5069
-5504
-2756
1536
4592
4725
2141
-1178
-2770
-2121
1024
4157
5304
6833
8388
8876
7953
4868
1900
878
-671
-4516
-6536
-4152
-15
3099
3701
2604
827
-2188
-5411
-6610
-5398
-1983
1157
2018
1974
1242
-391
-2853
-5095
-6451
-7101
-6663
-5234
-2382
122
463
1068
3177
5720
7574
7471
4514
-463
-4335
-5356
-3756
-1960
-2200
-3040
-2156
772
4713
7888
8872
7928
4908
902
-2540
-4469
-4029
-2213
-484
351
721
1014
1451
2168
2376
2201
1712
935
598
1904
5285
7606
6079
3503
1996
735
635
1714
1385
-437
-3033
-6572
-8173
-5169
-1092
73
-354
-747
-1844
-2540
-633
1471
1085
-156
-1073
-2842
-6279
-9733
-10089
-6910
-3556
-1536
-231
34
-287
602
2682
3652
2348
583
403
1020
354
-1839
-3377
-2886
-2094
-2082
-1813
-92
1557
561
-3705
-8328
-9858
-8301
-4573
-600
1548
2116
2491
3923
6742
9252
9493
7978
5966
4545
5222
7029
7522
5464
2015
-1316
-3846
-5303
-5648
-4876
-3806
-3866
-4944
-5128
-3589
-779
1478
2120
1899
1447
1667
2086
2033
1853
1985
2605
3521
5259
7234
8577
8909
8155
7376
7105
7399
7582
6699
5088
3910
3454
2875
923
-2000
-4603
-6254
-6837
-6998
-6750
-5511
-4088
-3481
-3844
-4236
-3686
-1947
-66
1126
1920
1618
466
-373
-1016
-1985
-3371
-5366
-7430
-9034
-9710
-9199
-8356
-7160
-4701
-983
2159
3004
2177
1628
1564
957
-377
-2375
-3345
-2614
-1796
-1190
-75
1121
1827
1301
-895
-3437
-4664
-4289
-3619
-3696
-3859
-3249
-2340
-1382
408
2115
2447
1278
-485
-1790
-2027
-655
1236
2473
2721
2610
2827
3838
5648
7342
8156
8730
8918
7880
5435
2693
1072
389
-144
-333
85
629
1456
2240
3176
3989
2960
267
-2522
-4106
-4123
-4185
-4588
-4030
-3254
-3417
-4241
-4079
-2965
-1932
-1431
-1512
-1287
-454
773
1635
1246
-875
-4072
-6473
-7187
-6106
-3688
-747
2102
4619
5879
6078
6512
6525
5047
3193
1849
748
167
-34
-472
-1498
-3002
-3596
-2523
-1458
-1745
-2431
-2319
-1224
-99
662
1210
1835
3365
5276
6020
4726
2606
949
90
-189
-739
-2446
-4506
-5527
-5242
-4132
-2130
7
799
-193
-1899
-2857
-3123
-3707
-4132
-3662
-3120
-2866
-2297
-1263
-940
-1740
-2803
-3438
-3282
-3259
-3593
-3030
-1028
1754
3989
4355
3311
2503
2977
4157
4985
4947
4063
2970
1204
-944
-1643
-385
1915
3599
4244
4052
3561
3531
3657
3914
3964
3093
1663
218
214
1694
2699
2738
2761
3889
5995
8311
10261
11695
12100
11329
10100
11002
15209
20887
25820
28322
27520
20926
9182
-2916
-11987
-17553
-20896
-24263
-28797
-32714
-32734
-32768
-32672
-32325
-31861
-31406
-30779
-29455
-27079
-23964
-20415
-16991
-13505
-9422
-5024
-359
4236
8387
12099
15134
17555
19219
20371
21265
21444
20572
18871
16721
14523
12482
10960
9704
8573
7629
6779
5770
4493
3185
1706
507
-683
-1942
-2906
-3795
-4457
-4783
-4965
-4826
-4218
-3342
-2044
-518
959
2323
3389
4238
4758
4398
3193
1612
591
191
74
-197
-958
-1683
-2076
-2095
-1862
-1801
-1872
-2019
-2101
-2040
-1719
-1109
-527
23
373
690
1004
713
149
-387
-760
-707
-598
-869
-1515
-2272
-2633
-2821
-2643
-2281
-2241
-2363
-2655
-2838
-2645
-2404
-2362
-2420
-2061
-1351
-743
-375
-204
-154
377
1141
1599
1633
1486
1593
1257
1071
1347
1679
1855
1806
2247
3009
3691
4216
4395
4462
4447
4291
4183
3864
3398
3060
2916
3041
3538
4075
4246
4277
3839
2986
2493
1989
1446
891
278
-203
-406
-337
-136
-242
-664
-757
-712
-697
-698
-760
-846
-621
-231
-273
-153
-63
113
823
1284
1550
1778
1660
1352
1249
1075
914
700
530
321
177
479
989
1037
724
252
131
897
1992
2907
3732
3867
3642
3120
2213
1529
1219
934
864
982
1187
1453
1805
2083
2298
2378
1953
1568
1119
484
-29
-525
-964
-1591
-2237
-2817
-3326
-3624
-3707
-3746
-3832
-4034
-4101
-4123
-4281
-4340
-4304
-4149
-4087
-4081
-3817
-3697
-3687
-3291
-2954
-2622
-2411
-2171
-1670
-1331
-939
-774
-628
-329
-126
-33
173
485
756
974
840
1127
1016
762
633
536
513
449
436
191
-18
94
157
177
-231
-343
-231
-457
-489
-757
-650
-436
-670
-719
-901
-1027
-1048
-832
-787
-1104
-1308
-1367
-1376
-1412
-1571
-1465
-1393
-1365
-1277
-1531
-1389
-928
-849
-719
-660
-688
-350
-289
-495
-457
-468
-300
-133
-213
-384
-316
-406
-496
-504
-813
-849
-876
-906
-730
-501
-294
-133
-74
-54
-56
-132
-202
-326
-609
-567
-458
-538
-448
-436
-358
-156
99
204
299
216
475
529
-78
-446
-846
-1034
-1194
-1302
-1578
-1820
-1743
-1962
-2124
-2295
-2453
-2479
-2365
-2643
-3035
-2955
-2899
-2625
-2432
-2379
-2218
-2056
-1891
-1643
-1370
-1261
-872
-447
-248
1
296
632
820
1182
1391
1225
1473
1632
1883
2463
2723
2896
3165
3290
3495
3554
3336
3322
3480
3835
4103
4431
4494
4241
3950
3560
3249
2988
2506
2011
1697
1376
1294
1236
1081
795
872
709
238
8
-148
16
234
364
598
904
1197
1310
1517
1525
1304
1290
1285
1270
1464
1370
1018
859
675
701
834
732
718
745
662
551
471
234
19
-360
-940
-1399
-1738
-1851
-1982
-2186
-2175
-2539
-2815
-3301
-3934
-4318
-4650
-4456
-4287
-4121
-3933
-3642
-3323
-3006
-2899
-3015
-2785
-2595
-2485
-2082
-1703
-1371
-1071
-995
-908
-825
-629
-117
329
657
1210
1567
1714
1770
1487
1037
691
464
390
380
359
370
347
410
244
-26
-195
-397
-259
-29
-66
-36
102
197
515
1047
1642
2237
2566
2677
2931
3202
3099
3048
3155
3402
4006
4493
4357
3925
3236
2669
2388
2127
1705
1261
959
544
275
36
-432
-931
-1777
-2645
-3511
-4417
-5382
-6333
-6781
-6647
-6085
-5174
-4433
-4092
-4244
-4656
-5463
-6183
-6072
-5484
-4153
-2654
-1787
-1236
-1347
-1801
-2222
-2752
-3055
-3044
-2747
-2567
-2849
-3296
-3868
-4018
-2905
-807
1615
3941
5466
5964
5486
4877
4323
3929
4089
4551
5301
5972
6373
6337
5802
5367
5142
5178
5272
5129
5061
4551
3578
2427
1335
1379
2052
2869
2972
2264
1538
1109
877
759
408
354
792
1346
1809
986
-1291
-3405
-4363
-4226
-3884
-3862
-3398
-2229
-990
-773
-1739
-2192
-1169
1159
3408
3349
1743
669
415
75
-1028
-2644
-3652
-3713
-2824
-1502
-733
-37
890
2191
3568
4876
5642
5822
5923
6325
7341
8249
7854
5353
1440
-2422
-4772
-5213
-5331
-5641
-6033
-5882
-5302
-4736
-2867
-1815
-1988
-2319
-3018
-3488
-3681
-2850
-1492
-643
-245
-94
946
1912
2103
1425
-214
-1413
-1817
-1861
-1798
-1511
-831
-507
-1272
-2850
-4626
-6087
-6786
-6937
-6385
-5231
-3732
-2348
-1480
-949
-963
-680
585
2286
3957
4956
5048
4648
3990
3544
3295
3472
3319
2261
952
-594
-1453
-1597
-1916
-2472
-3179
-3464
-3071
-1961
-611
711
1744
2066
2213
2753
3217
3212
2669
1865
1102
1044
1207
914
295
-357
-936
-1170
-1216
-1157
-728
-208
475
1447
2122
2506
2527
2400
2190
1954
1546
755
228
-151
-889
-1801
-2447
-2557
-2429
-2190
-1677
-996
-90
679
1228
1536
1778
2084
2580
3009
3120
3072
2950
2581
2085
1539
686
158
-326
-884
-1161
-1374
-1330
-849
-566
-437
-318
-178
166
587
729
814
1195
1536
1900
2138
1954
1616
1285
1111
783
209
-414
-873
-1108
-1201
-1188
-1060
-676
-111
439
771
1076
1459
1636
1852
1982
2012
1936
1514
1198
776
404
366
252
236
299
665
858
776
890
1111
1557
1932
1964
1810
1647
1531
1502
1357
751
74
-655
-1336
-1896
-2700
-3689
-4211
-4705
-5226
-5582
-6345
-6720
-6817
-6845
-6349
-5875
-5225
-4384
-3725
-3477
-3326
-2981
-2817
-2618
-2546
-2637
-2865
-2908
-2774
-2658
-2403
-2036
-1879
-1667
-1331
-1580
-1873
-2275
-2738
-3221
-3895
-4328
-4391
-4338
-4114
-4089
-4181
-4309
-4563
-4861
-5580
-6116
-6764
-7654
-8446
-9390
-10085
-10030
-9056
-7038
-3860
-878
687
1988
5162
10175
15402
19150
21004
22188
23349
24687
25159
23836
20941
17114
13303
9858
6949
5205
4436
3761
3153
2151
1192
136
-1156
-2307
-3644
-4619
-4903
-4550
-4004
-3438
-2595
-1581
-341
1070
2135
2866
3678
4324
5060
5523
5780
6106
6069
6147
6065
5603
4926
4353
3738
2886
1985
1097
458
-27
-608
-1255
-1885
-2425
-3294
-4228
-4891
-5311
-4934
-4048
-2946
-1479
26
1091
1719
2205
2423
2483
2416
2251
1911
1725
1760
1738
1448
1021
379
-41
53
4
132
355
258
371
664
797
859
239
-440
-907
-1605
-2111
-2709
-3289
-3849
-4587
-5259
-6077
-6818
-7608
-8838
-10208
-11747
-12766
-13513
-14559
-15301
-15808
-15873
-15570
-15212
-14899
-14467
-13531
-12757
-11887
-10784
-9632
-8377
-7623
-7456
-7391
-6962
-5673
-4232
-3600
-3933
-4626
-4385
-3040
-1754
-1382
-1757
-2067
-2069
-2177
-2338
-1986
-888
288
1355
2396
2795
2963
3149
3774
4677
4830
4713
4745
4958
5275
5345
5541
6113
6863
7538
7456
6521
5396
4236
3092
2286
1919
1675
2070
3009
3725
3886
3869
4120
4433
4516
4634
4817
5507
6742
7936
8785
9273
9689
10060
10231
10108
9575
9036
7810
5892
4200
3413
3552
4300
4524
4367
4224
3283
1963
1576
2594
3998
4489
4138
3454
3384
4161
4493
3954
2631
1921
2769
3707
3853
3042
1916
449
-1381
-3000
-3900
-3753
-2866
-1518
80
716
577
161
-280
-995
-1983
-2261
-2507
-3858
-6057
-7994
-8986
-8497
-7028
-5448
-3632
-1436
374
1148
1087
222
-496
-507
-695
-1443
-2832
-4209
-5103
-5979
-6607
-6395
-4699
-2422
-413
677
904
621
-335
-1893
-3157
-3139
-2193
-1560
-1708
-2323
-3615
-5231
-6411
-6479
-5044
-3268
-2439
-2339
-3344
-5167
-6288
-5799
-3569
-195
2630
3957
4239
3142
575
-2491
-4426
-4257
-3167
-1653
635
3022
4317
3613
1763
-137
-1550
-1614
-847
-238
392
732
474
352
572
838
1581
2345
2111
774
-376
-202
653
912
-89
-1746
-2228
-1382
-813
-918
-732
263
1521
2366
3222
3975
4632
5661
5525
3027
-168
-2327
-3284
-3254
-2160
-1227
-1436
-2081
-2014
-770
802
1842
2899
4493
5972
6855
7171
6876
5680
5339
7417
9427
9662
7866
4206
347
-2166
-2899
-2641
-2576
-1761
46
1045
631
105
28
-1039
-1920
-1436
-1149
-912
-597
-1578
-3879
-5837
-6267
-5474
-3765
-22
4073
5955
5474
3858
1865
261
223
731
256
-578
-1907
-4320
-6786
-8515
-8543
-5897
-1655
2032
3597
4060
4740
4962
3984
2120
-676
-4043
-6870
-7947
-7326
-5924
-4097
-2809
-2026
-1488
-1417
-804
540
1409
567
-1383
-2336
-730
2043
4149
5576
6597
7044
6576
5640
5236
6299
8065
8541
7910
7295
6374
4596
2377
1100
775
112
-201
904
1462
127
-688
-126
-1115
-4036
-6916
-8647
-9557
-10675
-10219
-8035
-6271
-4300
-1865
-320
589
1297
1017
1246
2942
4312
3766
846
-2517
-4165
-4435
-4683
-5284
-5139
-3693
-1539
1007
3285
4195
3399
582
-2538
-3117
-2193
-593
1105
1734
1931
1315
791
1925
3048
2407
688
583
3877
8257
9678
9203
9905
11320
11333
9091
5210
1688
-1085
-4214
-7429
-9824
-10760
-10478
-9180
-7694
-5772
-2876
-451
163
-719
-1540
-1456
-509
271
259
-324
13
2194
3924
3406
2049
1117
1682
2714
2398
1848
921
782
1466
638
-978
-2120
-3665
-6339
-7887
-7162
-5997
-4871
-2790
-443
349
-1546
-4214
-4829
-2926
165
2207
1467
-200
537
2710
3797
3765
3873
4447
4050
2923
1503
-599
-1917
-1213
39
783
1412
1655
1549
1168
-288
-2425
-3185
-513
5046
9484
9370
5475
1441
-46
-548
-1126
-955
-1453
-3834
-6752
-7595
-5424
-1822
2371
6585
8817
7201
2622
-2701
-6922
-8810
-9659
-11580
-13729
-13822
-10793
-5274
418
4403
6868
7783
6946
5477
4125
3639
3846
3508
3592
3764
3277
2302
497
-1264
-1701
-2046
-3456
-3739
-1046
3269
5883
5891
4177
1763
206
-944
-2069
-1836
-227
1203
1197
-163
-959
-594
155
1174
2188
2634
1794
217
-418
-202
372
1732
3257
2102
-2926
-8642
-11584
-11414
-11243
-11854
-11079
-8288
-4587
-1568
249
1282
2000
2496
2857
3160
2899
1489
-389
-1699
-3607
-5820
-5999
-1829
5028
9816
9951
7219
5673
7281
9346
8557
6084
3883
1172
-2258
-4814
-5824
-6573
-8130
-8906
-7619
-5164
-2292
732
2820
3079
2615
1980
196
-2256
-4096
-4674
-4482
-4474
-4862
-5935
-6740
-5499
-2461
1212
4341
6061
6659
7365
9258
12377
15437
17279
16796
13693
9850
6629
4749
3634
2805
2198
1334
674
-40
-1345
-2106
-1808
-737
154
-548
-2627
-4188
-4420
-3701
-2760
-2131
-1666
-885
492
3070
6630
9601
10010
7608
4093
435
-2665
-4282
-5468
-6813
-7953
-9195
-10845
-12126
-12003
-10848
-9665
-8894
-7957
-6189
-4656
-4100
-4116
-3949
-3875
-4314
-6067
-8890
-10103
-8895
-6464
-4078
-2616
-2345
-2425
-1343
801
3223
5238
6420
6527
5106
3455
2902
3201
3516
3726
5209
6972
7253
6224
4949
3875
3025
2579
2894
4025
5564
6953
7665
7658
6609
4176
1902
901
699
245
-600
-1419
-2941
-4405
-4899
-5100
-5420
-5447
-5329
-5218
-4922
-4780
-4424
-3446
-2176
-326
1418
2112
2491
3081
3295
2841
2415
1590
697
145
-637
-1774
-3212
-4791
-5772
-5242
-3335
-798
990
1707
1924
2373
3161
3446
2550
1081
578
807
283
-470
-634
486
2476
3729
4192
4265
4287
3870
2542
679
-1129
-2169
-1755
-1020
-1692
-3056
-2808
-971
920
2168
2004
815
-445
-1037
-1228
-2485
-4320
-5569
-5982
-5742
-5941
-7495
-9218
-9398
-7615
-4276
-53
3415
4567
3922
2752
1251
-1184
-3023
-2744
-1360
-203
632
1252
1223
398
78
265
36
-88
-205
-668
-1417
-2321
-3079
-3450
-3004
-2056
-1909
-1584
-503
691
2356
3150
2670
1613
-12
-1276
-2032
-2110
-1735
-1357
-935
250
2502
4412
5245
5090
3819
3038
3645
4488
5190
5979
6757
6765
5819
5708
6800
8274
10491
13598
15760
15243
13058
11257
10024
8421
6681
6577
8399
11898
17688
24729
30861
32766
29821
20172
2623
-14467
-26575
-32768
-32728
-32768
-32765
-32767
-32767
-32760
-32540
-30877
-27771
-26055
-25205
-23863
-22225
-19743
-16470
-12675
-8414
-3967
708
5372
10598
16183
20530
23408
24629
24661
24451
24137
22705
20441
18482
16572
14928
13351
11879
11201
11142
10760
9305
7134
5262
3229
1295
-153
-1265
-2296
-3470
-4264
-4336
-4021
-3196
-1823
-28
1855
2906
3016
2486
1778
844
-240
-1415
-2537
-2967
-3026
-3130
-3030
-2685
-2402
-2117
-1994
-2448
-2956
-3248
-3187
-2864
-2572
-2520
-2647
-2721
-2614
-2035
-994
-456
-628
-1071
-1466
-1780
-2103
-2499
-2970
-3473
-3767
-3607
-3219
-2548
-1911
-1036
-283
-283
-865
-1482
-1652
-1509
-1630
-2042
-2374
-2318
-1682
-947
-1066
-1572
-1733
-1011
-93
367
325
399
1130
2388
3539
4022
4338
4408
4396
4309
3573
2748
2048
1215
546
14
-649
-925
-994
-1036
-556
213
873
1700
2496
2812
3023
3271
3396
3435
3433
3374
3302
3105
3048
3430
3736
3871
3886
3693
3453
3325
3391
3265
3101
3390
3551
3729
3954
3865
3771
3807
3700
3386
2780
2006
1328
958
698
396
373
357
421
556
597
837
869
538
-542
-2157
-3436
-3986
-3554
-2640
-1776
-1043
-834
-1290
-2154
-3101
-3901
-4325
-4519
-4651
-4457
-4043
-3416
-2488
-1789
-1451
-1400
-1344
-1468
-1424
-1271
-1399
-1312
-1113
-942
-701
-264
-236
-53
92
12
262
366
523
544
243
-25
-397
-668
-780
-847
-641
-584
-507
-322
-325
-477
-731
-924
-1175
-1355
-1680
-1830
-1670
-1703
-1886
-1894
-1965
-1764
-1392
-1426
-1422
-1423
-1352
-1142
-927
-864
-925
-862
-741
-559
-241
-278
-380
-161
-174
-41
209
141
356
726
820
847
780
730
907
905
738
770
594
273
194
27
186
294
-76
-91
91
218
452
457
288
331
376
250
57
70
179
445
499
504
582
551
715
956
1088
946
764
576
330
49
-245
-343
-251
-71
-167
-337
-432
-320
-162
-185
-38
-71
-23
300
492
548
512
335
235
219
155
181
-11
-245
-385
-494
-704
-584
-295
-39
9
-354
-624
-847
-1046
-1258
-1596
-1910
-2231
-2732
-3071
-3367
-3471
-3556
-3522
-3360
-3528
-3579
-3673
-3787
-3670
-3494
-3383
-3214
-3150
-2901
-2429
-1731
-1146
-834
-488
-301
-150
-25
30
-173
-470
-706
-883
-893
-945
-1006
-1006
-952
-910
-823
-742
-418
21
319
844
1114
1368
1720
2099
2243
2298
2443
2478
2598
2712
2583
2385
2216
2171
2254
2234
2214
2324
2519
2379
2392
2473
2354
2529
2730
2635
2763
2791
2649
2653
2469
2140
1617
1044
399
-33
-57
-146
-79
-46
-144
-86
-161
-371
-369
-305
-196
-261
-351
-556
-805
-855
-682
-442
-125
203
194
270
252
405
938
1277
1278
1094
1018
933
880
736
555
483
616
694
723
468
53
33
208
421
449
242
-276
-893
-1529
-2028
-2186
-2294
-2476
-2826
-3491
-4178
-4565
-4881
-5075
-5224
-5462
-5893
-6273
-6432
-6377
-6075
-5857
-5420
-4920
-4431
-3933
-3567
-3176
-2844
-2491
-2115
-1831
-1425
-897
-349
211
760
1349
1543
1848
2311
2344
2639
3061
3212
3445
3391
3260
3036
2589
2189
1547
949
552
417
160
-183
-358
-697
-1005
-1065
-1153
-1082
-837
-378
221
555
835
1119
1443
1985
2149
2460
2988
3445
4112
4602
4694
4688
4608
4294
4383
4554
4671
4729
4286
3901
3899
4222
4556
4940
4751
4002
3342
2582
1875
1009
-10
-879
-1525
-1875
-2461
-3009
-3610
-3933
-3604
-3249
-2713
-2436
-2384
-2461
-2496
-2335
-1917
-1291
-756
-35
399
551
676
746
759
515
155
-83
378
1012
1403
1387
809
331
-259
-586
-1044
-1435
-1613
-1698
-1244
-623
-95
496
705
511
-142
-1072
-1805
-2484
-2777
-2977
-3442
-4099
-4523
-4241
-3468
-2496
-1747
-1386
-1083
-992
-1224
-1597
-1706
-1328
-735
-217
-23
-334
-470
-12
836
2064
3588
4902
5633
5823
5606
5373
5697
6820
8433
10182
11066
10916
10135
8732
7408
6467
5951
5986
5875
5482
4626
3146
1871
1290
1254
883
241
-1236
-3526
-5767
-8216
-10246
-11273
-11727
-11782
-11822
-11414
-10087
-8291
-6651
-5494
-4213
-2674
-1374
-92
815
1301
1760
1903
1692
1634
1558
1114
227
-1043
-2620
-3663
-4269
-4589
-4227
-3559
-2612
-1479
-194
1139
2344
2924
3054
3060
2977
3413
4134
4465
4432
4017
3057
2166
1550
1011
572
-194
-1182
-2050
-2966
-3850
-4353
-4422
-4391
-4519
-4940
-5531
-5667
-5597
-5152
-4329
-3503
-2497
-1806
-1547
-1306
-1147
-998
-462
-109
166
590
832
1151
1358
1515
1556
1178
453
-375
-1013
-1391
-1670
-1496
-1266
-802
-167
412
1104
1716
2297
2628
3151
3667
3672
3629
3450
3265
3256
3305
3147
3056
2892
2781
2868
2913
2727
2311
1767
1459
1647
2101
2514
2711
2887
2988
2898
2929
3107
3118
3190
3063
2870
2682
2334
2021
1612
1163
838
432
20
-236
-743
-1256
-1457
-1825
-1942
-1851
-1820
-1719
-1730
-1882
-2074
-2248
-2134
-1813
-1636
-1429
-1142
-923
-621
-476
-363
-24
-266
-539
-598
-801
-892
-999
-1104
-1370
-1267
-1142
-1273
-975
-630
-457
-130
109
160
231
254
248
272
460
668
848
787
614
668
461
650
1039
1130
1197
1007
797
686
740
890
581
241
-98
-616
-945
-1270
-1632
-1910
-2105
-2217
-2248
-2140
-2090
-1786
-1453
-1155
-825
-582
-546
-550
-276
40
-5
-43
-266
-570
-551
-404
-357
-142
-290
-560
-560
-858
-1249
-1385
-1718
-2078
-2220
-2701
-3046
-3266
-3825
-4245
-4467
-4965
-5083
-5023
-5042
-5106
-5176
-5049
-4797
-4266
-3758
-3585
-3487
-3343
-3056
-2610
-2156
-1721
-1258
-1029
-1348
-1696
-1888
-1999
-2010
-2405
-3594
-5111
-6597
-7706
-7776
-6868
-5476
-4540
-4951
-6030
-6216
-4671
-1454
2635
6887
10967
14994
19133
22977
25998
26627
24630
21017
16649
12738
10045
8342
6865
5587
4274
3045
2012
1141
-98
-1575
-3145
-4380
-4755
-5294
-5737
-5542
-4872
-3609
-1975
-55
2037
3967
5563
6998
8144
8699
8916
8840
8448
7832
7193
6839
6331
6021
5926
5651
5402
5532
5793
5936
5885
5093
3678
2147
726
-784
-2189
-3554
-4955
-6109
-6906
-7039
-6499
-5575
-4884
-4252
-3784
-3400
-2843
-2450
-2363
-2172
-1766
-1453
-1056
-928
-771
-283
460
1454
2103
2574
3403
4223
4811
4822
4482
4024
3140
2286
1662
703
-545
-1720
-2824
-3482
-3704
-3899
-4283
-5127
-6640
-8469
-9928
-10777
-11544
-12577
-13787
-15139
-16657
-17978
-18779
-19080
-19039
-18317
-16853
-15494
-14163
-12612
-10614
-8290
-6420
-5335
-5134
-5264
-5494
-5966
-6422
-6824
-6871
-6563
-6166
-5585
-5051
-4481
-3928
-3889
-3988
-4157
-4517
-4651
-4508
-3616
-2384
-1449
-453
848
2125
2893
3103
3345
3700
4801
6926
8995
9386
7785
6323
5501
5010
5643
6989
9550
12810
14567
13933
12522
11716
10995
9687
7925
6420
5968
6397
6774
7068
7367
7782
8429
8660
8524
7873
6046
4213
3513
3449
3641
4257
5521
7264
8306
7828
6785
6320
6115
6139
6234
6399
6488
5707
4318
2710
1406
714
114
384
1600
2583
2907
2818
2314
968
-923
-2032
-1850
-1494
-1798
-1921
-1408
-971
-596
827
3131
5387
6885
7046
6100
5180
4417
3039
1905
357
-2120
-4224
-4798
-3795
-2916
-3190
-4079
-5034
-6344
-7550
-8715
-9139
-7792
-5575
-3889
-3094
-3394
-4893
-6396
-7161
-7431
-7861
-8444
-8566
-8077
-7140
-5307
-2011
1050
2601
2651
982
-1344
-3192
-3973
-3307
-1945
486
3417
3915
1693
-1320
-4427
-6113
-6348
-7398
-9135
-10369
-10563
-9279
-6527
-3838
-2045
-965
-674
-1024
-1880
-2211
-2091
-1594
-440
509
689
242
349
1381
2159
2736
3175
3681
4663
5078
4343
2693
815
-745
-2198
-2525
-1279
-290
193
837
1733
2629
3101
3292
3341
3289
2551
966
-129
106
916
1299
792
-20
253
1461
2615
2933
3724
5460
6648
6614
5069
3122
1363
355
-45
-845
-2006
-3314
-4523
-5752
-7794
-9415
-8586
-5654
-2209
408
2603
6087
9647
10931
10160
8810
7453
6052
4763
4324
4656
4403
4246
5752
7915
8424
5864
1333
-1675
-1829
-847
-316
524
1789
1142
-1290
-2443
-1527
10
290
-197
-124
-388
-1845
-4728
-7759
-8971
-8699
-7960
-7457
-8660
-10256
-10423
-10162
-10884
-11168
-9801
-7568
-5287
-3663
-1753
1700
5943
9837
13670
17730
20347
19638
16293
11049
5884
2450
-96
-2046
-3254
-3933
-4225
-4355
-3384
-1277
230
741
1855
2984
1506
-1606
-4464
-6716
-7408
-6268
-2947
691
1094
-1029
-1943
-1293
-1418
-2333
-3148
-4350
-5782
-6942
-8442
-9273
-7596
-3914
121
3273
5354
6055
6709
7815
7516
5820
3612
647
-2030
-3315
-3459
-2973
-1542
1203
4581
6739
6801
6261
5822
5516
6094
7123
7082
5035
3209
2863
2391
1019
22
-214
-708
-2430
-4481
-5473
-5482
-5785
-6947
-7269
-5908
-4028
-2870
-3776
-5847
-8232
-9995
-9315
-6323
-3696
-3900
-5712
-6361
-4743
-1295
2535
6727
11040
13245
12532
10977
10948
11356
10867
9739
7144
3461
236
-2071
-2739
-382
2909
3771
3089
2416
1372
-10
-1228
-2559
-3281
-3671
-5031
-6440
-5638
-3231
-881
1354
3505
5001
5619
4655
3719
4015
3400
874
-2690
-4455
-3711
-3652
-5005
-5003
-3054
-1247
-1654
-4229
-6279
-5205
-2445
-967
9
1783
3339
2427
-331
-1326
-403
239
118
601
3675
7290
7857
6393
5543
5984
5829
3675
291
-2828
-5550
-8817
-11762
-12837
-11121
-8458
-7272
-4656
774
5680
7489
6605
4793
3319
3507
4986
5389
4617
3669
2391
595
-1528
-2727
-2276
-1696
-1621
-1214
-1164
-1274
-497
1557
4065
5177
4445
2387
-209
-1780
-3267
-5817
-6342
-4107
-2052
-668
-201
-357
1137
3434
1860
-3946
-8788
-8385
-4637
-495
3094
3859
1511
-2040
-4698
-5143
-5587
-7697
-9701
-9334
-5949
-653
3233
4150
4142
4548
5683
6097
4687
3480
3274
3736
3815
3449
3542
3443
2379
1749
1842
880
1
-591
-1846
-3091
-4215
-4407
-3011
-1191
-128
-1567
-5220
-7160
-4944
-830
2175
3041
2255
1138
-1079
-4783
-7550
-6657
-2931
-146
585
697
1365
2266
3246
5166
7058
7479
6922
4940
677
-4959
-10256
-11186
-7003
-1374
3555
7187
8761
7482
3561
-200
-321
2474
4627
4599
3441
1521
-700
-1288
1125
4325
5406
3780
612
-1570
-1690
-1052
-822
-1251
-1562
-1006
-896
-1724
-2118
-1822
-1434
-1873
-2172
-1180
-436
-338
-886
-2136
-2863
-2280
-1475
-1895
-2902
-3762
-4565
-4835
-3646
-1518
-535
-1487
-3687
-6292
-8162
-8482
-7193
-4933
-2654
50
2983
4618
5238
5760
6403
6007
4228
3430
4821
7520
10133
11938
13034
13003
11100
8582
7063
6696
6370
5356
4237
3584
3217
2140
380
-305
100
1063
2266
1735
-940
-3593
-4653
-3786
-2239
-1380
-1261
-662
622
1719
1568
-9
-1608
-2415
-2202
-1326
-598
-1309
-3040
-3839
-3594
-3250
-2817
-3096
-3602
-3845
-4059
-4935
-6929
-8917
-9967
-9348
-7441
-5967
-5417
-5051
-4591
-4047
-3205
-2172
-910
-338
-666
-572
687
2149
2639
2470
2207
2522
2606
1708
117
-1523
-1881
-893
-188
317
715
554
203
88
766
2152
3680
4517
4136
3172
2706
2605
1799
-29
-1166
-748
-661
-1864
-2664
-1950
-977
-708
-633
345
2064
3042
2952
2690
2801
3073
2197
-293
-2209
-2589
-2353
-2015
-1725
-1647
-1421
-1283
-1637
-2675
-3560
-3337
-2642
-1445
463
1252
-254
-1960
-2313
-1096
900
2052
1989
1822
2333
3028
3362
2691
1719
934
-613
-2196
-2212
-733
990
1515
-64
-2375
-3043
-2014
-761
-186
-904
-2463
-3441
-2923
-1090
435
800
620
-690
-2696
-3230
-1852
797
3682
5640
6297
5500
4448
3269
883
-1897
-3911
-4760
-4703
-4094
-3218
-1713
-187
811
2004
3686
4716
5122
5598
6176
6997
7645
8070
8414
8577
8724
8875
10078
12729
14890
15598
15078
14162
13649
14641
17631
21336
25428
29679
31753
29068
20329
6793
-7289
-19108
-28390
-32767
-32767
-32768
-32762
-32768
-32760
-32768
-32766
-32766
-32732
-32038
-29252
-25464
-22594
-19466
-16199
-13201
-9732
-5704
-832
4588
9845
14211
17482
19647
20793
21575
21694
20714
19302
17434
15721
14274
12938
12515
12764
13275
13326
12354
10383
8000
6197
4412
2469
756
-800
-2011
-2957
-2988
-2268
-1473
-186
1390
2586
3509
4282
5121
5749
5490
4501
2897
1246
93
-852
-1691
-2080
-1774
-1243
-579
-171
91
703
1344
1845
2166
2259
2185
1955
1182
-52
-717
-800
-885
-1088
-1293
-1241
-1257
-1276
-1415
-1549
-1651
-1622
-1452
-1648
-1989
-2444
-2793
-2845
-2964
-3474
-3848
-3806
-3716
-3553
-3465
-3583
-2836
-1807
-1513
-2189
-2979
-2728
-1893
-1586
-1792
-1719
-1113
-135
426
445
259
529
1193
1776
1801
1424
1374
1451
1444
1111
543
517
879
1360
1659
1611
1843
2117
2570
2917
3037
3187
3462
3833
4233
4559
4860
5138
5272
5238
4919
4755
4628
4671
4877
5078
5256
5308
4960
4640
4282
4092
3927
3650
3473
3134
3235
3609
3782
3804
3508
2910
2038
1033
519
-78
-958
-1536
-2043
-2075
-1813
-1756
-2116
-2553
-3095
-3691
-4299
-5187
-6019
-6569
-6734
-6166
-4856
-3620
-2644
-2536
-2732
-2929
-3344
-3406
-3673
-3727
-3384
-2884
-1901
-910
-60
866
1210
1269
1332
1362
1359
1281
1139
782
485
532
637
589
573
769
778
456
379
44
-217
-181
-507
-788
-921
-1066
-1020
-1060
-1269
-1627
-1775
-1773
-1884
-2225
-2226
-2119
-2256
-2164
-2051
-1903
-1689
-1581
-1568
-1418
-1462
-1319
-1135
-1243
-1278
-1318
-1194
-1061
-1289
-1363
-1218
-1146
-982
-762
-665
-690
-522
-169
92
316
385
244
237
138
119
146
254
611
739
805
718
719
805
892
838
710
687
601
558
385
156
234
89
72
147
66
-39
-144
-166
-22
90
176
43
31
73
-135
181
483
467
175
208
470
128
-75
-73
-208
-548
-642
-101
50
-609
-703
15
282
-165
-502
-117
-108
-733
-904
-532
-184
-515
-919
-498
6
-63
-330
155
565
-14
-453
-84
443
24
-897
-845
-418
-838
-1483
-1600
-1826
-2494
-3111
-3013
-3144
-3807
-4009
-3651
-3669
-4121
-3752
-2972
-3222
-3471
-3043
-2739
-2838
-2687
-2085
-1836
-1868
-1386
-774
-942
-1135
-574
-386
-1074
-1411
-1505
-2241
-2503
-2192
-2460
-2832
-2558
-2266
-2156
-1694
-870
-295
185
712
916
926
1338
1836
2014
2151
2496
2687
2910
3194
3393
3475
3422
3612
3696
3891
4028
4202
4546
4573
4526
4626
4913
5021
5102
5176
4994
5068
4772
4463
4240
3825
3660
3313
3075
2880
2809
2985
2918
2555
2233
1889
1572
1501
1294
1341
1418
1136
713
160
-333
-828
-1030
-951
-1025
-1215
-1582
-1913
-2076
-2295
-2376
-2179
-2224
-2634
-2814
-2999
-3323
-3547
-3091
-2176
-1857
-1693
-1838
-2124
-2019
-2200
-3171
-3717
-3421
-3004
-3257
-4234
-4723
-4791
-4880
-4777
-3968
-3210
-3465
-4009
-4234
-4172
-3811
-3084
-2554
-2673
-3082
-2964
-2524
-2111
-1448
-885
-628
-799
-1040
-1134
-809
316
1114
1250
1297
1211
1165
1289
1447
1607
1102
405
-158
-368
-336
-372
-347
-453
-753
-726
-481
-342
-235
-520
-707
-677
-339
27
209
442
482
1038
1922
2477
3006
3443
3786
4178
4296
4072
3676
3472
3208
2756
2017
1404
1303
1052
816
888
879
1014
1300
1431
1546
2004
2577
2733
2803
2986
3032
3245
3278
2893
2380
2059
1802
1470
1160
755
693
836
843
864
1025
1474
2030
2319
2497
2732
2556
2317
2106
1867
1474
1032
660
494
208
-266
-807
-1145
-1302
-1584
-1969
-1973
-1379
-1035
-969
-1205
-1516
-1491
-1154
-1041
-1063
-1234
-1501
-1792
-1904
-1825
-2017
-1865
-1539
-1456
-1798
-2589
-2925
-3055
-3686
-4163
-4537
-4591
-4201
-4135
-4214
-4386
-4262
-3716
-3238
-3102
-3111
-2495
-1747
-1374
-1087
-1014
-1333
-1532
-1391
-1311
-1224
-850
-369
-74
418
1033
1775
2198
2690
3301
3391
3419
3454
3460
3612
3520
3522
3555
3197
3337
3776
4107
4542
4325
3672
3154
3015
2815
2470
1866
1152
621
9
-494
-665
-593
-448
-765
-1287
-1640
-1421
-874
-650
-502
-356
-91
410
901
1242
1612
1623
1636
1576
1158
458
-422
-1211
-1499
-1331
-1009
-275
508
1080
1085
860
860
810
609
450
109
-257
36
289
284
278
166
-64
-550
-641
-591
-620
22
689
574
35
-118
-74
-148
-477
-962
-1182
-1306
-1494
-1316
-427
596
1054
1509
1937
2040
2166
2053
1069
-37
-558
-1672
-2942
-3593
-4230
-4356
-3795
-2969
-1948
-733
-46
196
768
1327
1523
1518
1516
1633
1888
2313
2443
1913
1661
1897
1710
1131
626
-23
-865
-1777
-3142
-4313
-4727
-5092
-5540
-5391
-4954
-4455
-3800
-3400
-3157
-2890
-2510
-2308
-2327
-1917
-1033
-463
-340
146
1024
1729
1677
1174
927
1295
1593
1149
630
418
324
95
-227
-567
-1296
-1696
-1892
-2044
-1647
-1150
-1363
-1277
-428
-356
-1036
-1526
-1826
-2023
-2197
-2026
-2138
-2022
-1476
-1608
-1829
-1913
-1660
-924
-2010
-3837
-4177
-4981
-7020
-8150
-6043
-3204
-2685
-2029
1866
6729
7798
5518
3808
3906
5150
5776
5314
4518
3572
2812
2833
2364
315
-1156
-1025
-836
-565
248
839
1260
1818
2237
2220
1505
811
799
1102
1526
1503
1071
828
665
770
907
591
-303
-1302
-1112
-587
-960
-683
-221
-52
409
680
929
892
812
853
1062
1163
992
1483
1641
1420
2295
2952
2744
2831
2411
2139
2963
2851
2114
1665
284
-2166
-2348
-741
-272
316
1041
675
344
-14
-242
1664
4412
5447
5083
3884
1221
-2667
-5409
-5901
-5083
-3502
-1417
-510
177
1592
1462
-638
-3223
-4324
-3078
-1097
863
2845
3630
3211
2312
1282
-2155
-6148
-6166
-3138
-454
1257
2642
3717
4669
4560
2338
-1607
-4586
-4479
-2226
465
2048
2647
2923
2978
1783
-1083
-4432
-6707
-6270
-3833
-1953
-47
1970
2346
1595
936
-1004
-3990
-4860
-3247
-916
1194
3136
4530
4994
4785
3804
1391
-1175
-2148
-1068
420
1748
3806
4587
3754
2860
1198
-1407
-3106
-2861
-1800
-453
1560
3108
3223
2367
251
-2513
-5120
-6921
-6253
-3816
-1673
579
2385
2739
2047
1182
-781
-3654
-4837
-3841
-1876
116
1914
2233
1130
-225
-1569
-3912
-6461
-7409
-5966
-3797
-2769
-1851
-1146
-1952
-3952
-6388
-9011
-10437
-9366
-7116
-4967
-2987
-2213
-3361
-5756
-8103
-10572
-13874
-16275
-16544
-14970
-13519
-13240
-12912
-11655
-9026
-5642
-2385
304
3127
7505
13603
20062
26105
30642
32418
31699
28372
22575
16002
11156
8827
7852
7715
7537
6341
5284
3979
779
-3242
-6649
-8413
-8224
-7106
-5434
-3891
-3281
-2714
-1902
-1391
-678
536
2779
5986
9151
12044
13695
13500
12164
10173
8048
6001
3967
3015
3500
4693
5533
5807
5349
4521
4129
3627
2950
2299
2097
2772
3341
3120
2223
524
-2017
-4898
-6837
-7622
-8111
-7228
-5677
-3404
-1096
151
1414
1770
1650
2122
2278
3173
5561
7637
9098
10244
10558
9301
7236
5982
4703
3264
2363
1576
1862
3131
3341
1943
-446
-2773
-4886
-6904
-8792
-10265
-10500
-10663
-11437
-12469
-15132
-18091
-19815
-20790
-20214
-18703
-17310
-15305
-12851
-10216
-8983
-9647
-10581
-11053
-10923
-10441
-9468
-8527
-7344
-5397
-3924
-4088
-5184
-6064
-6707
-7450
-7804
-7028
-5643
-4376
-3729
-3525
-2706
-2536
-3046
-3366
-3982
-4353
-4764
-4852
-3302
-936
777
2116
3346
3850
4535
6017
7605
8894
9926
10013
8858
7529
6957
6483
5687
5000
4922
5677
6328
6567
6350
6208
6641
6938
6939
5945
3730
1595
151
-283
-199
714
3369
7018
9832
10355
9389
8278
7500
6739
5918
5335
4597
4815
5759
5837
5287
4125
2704
2389
2407
2239
2755
3846
4224
3205
2392
2464
2241
2632
3741
3629
2103
25
-1926
-2289
-909
1339
4296
6604
7165
6473
4793
2464
-167
-3519
-6846
-8774
-9513
-8979
-6655
-3194
22
1858
2320
1785
752
1079
2004
1088
-1456
-4013
-5065
-4980
-4395
-3182
-2325
-2677
-3741
-4822
-5133
-4618
-4146
-5240
-6262
-3951
-466
1586
2470
2300
199
-2994
-5511
-5727
-3339
-470
-22
-1243
-2061
-2297
-2574
-3335
-4229
-4880
-6302
-8704
-10169
-10480
-10966
-11898
-11764
-9914
-6645
-2640
468
2242
3417
3654
2292
1034
885
1752
3284
4493
4976
3976
1494
102
93
684
2136
2933
2282
1007
86
878
3541
5212
5569
5503
4342
2811
1798
562
-1009
-2081
-1723
-1240
-1824
-2418
-2827
-3456
-4527
-5056
-4344
-3683
-3400
-3018
-2404
-1392
-382
351
137
-305
573
2313
4387
6594
7759
7580
6059
3965
2522
2198
2680
3188
3053
3207
3961
4134
3867
4195
4746
4422
3974
3602
1923
744
1980
3820
3859
2030
545
402
1730
4027
3583
512
-1548
-2229
-2199
-1620
-1847
-3353
-4327
-4377
-3695
-2765
-1911
-1017
136
1713
3376
4830
5284
3868
512
-2817
-5227
-5728
-3386
-370
1152
1222
1318
2599
4662
5699
4810
2408
-715
-3408
-4282
-3313
-2725
-2663
-1637
1173
4578
5936
4655
1996
-443
-2966
-5526
-7185
-8326
-8281
-6633
-4423
-2605
-2666
-4682
-5568
-3893
-1204
478
146
-1203
-1395
-108
779
688
1028
3029
6167
7972
7535
5108
1394
-1705
-2764
-1818
273
2647
4282
4337
3441
4081
6149
5888
3896
2810
1351
-69
-1104
-3755
-6122
-5749
-3636
-1995
-1819
-2211
-2643
-3327
-4321
-6049
-7442
-7575
-6983
-5647
-3143
-904
-191
151
324
-1690
-4167
-3435
-173
3300
4229
1918
836
3027
6050
7809
6982
4219
2419
3170
4559
5129
4584
4624
6312
6567
4727
1763
-1087
-2406
-3523
-3849
-2493
-1477
-1874
-3469
-3920
-440
4567
6676
5595
3044
-261
-1938
-364
2452
3399
2392
1709
863
-1719
-5349
-6806
-5054
-3221
-3439
-4206
-3552
-1804
-1799
-2854
-3224
-3100
-2773
-3016
-2974
-2302
-2652
-4084
-4937
-3635
-786
1304
1852
1761
1180
496
-1002
-3534
-5795
-5579
-1787
2707
3925
3144
2206
1982
3665
4557
3695
3171
3172
3379
3756
2919
1464
1946
3536
4636
4555
4415
5491
6548
6195
4211
1474
-1526
-3282
-3167
-4056
-6149
-7695
-8688
-8278
-4821
2313
8647
10116
8012
4809
1964
278
-600
-981
-2353
-3602
-2735
-1637
-695
-951
-2922
-3278
-968
1367
2348
3131
3859
3465
1337
-2121
-5037
-5012
-1351
1901
1199
796
5228
10573
11628
7163
79
-4223
-5365
-6483
-8212
-9584
-10356
-10041
-7265
-2971
-918
-1425
-1045
819
2148
4096
5845
3529
-790
-4319
-8415
-11463
-9457
-2093
5763
10328
11691
9497
3668
-2331
-5398
-5496
-2798
1203
2719
2301
2706
2473
326
-2203
-3257
-2179
-1711
-3196
-4182
-1759
3272
6605
7961
7624
4108
137
-1665
-875
2243
4266
2594
-1184
-5185
-6847
-3630
2458
7120
7417
4671
2725
2648
1947
-654
-2516
-2378
-2435
-2387
-1776
-2815
-5545
-6502
-4800
-927
4023
7546
8155
5863
2108
-1762
-4631
-5329
-4410
-3330
-2894
-2333
-393
531
-1238
-3670
-4842
-4067
-2346
-938
536
1104
-297
-2951
-5387
-5604
-3763
-1308
598
1478
894
-2138
-5227
-6129
-4962
-2693
-1685
-1526
-1533
-1503
-1263
-712
475
1677
2528
3421
5315
8380
11141
12040
10874
9044
8053
7647
6921
5600
4519
3809
2964
3194
4248
4298
3055
1038
-707
-1759
-2254
-2599
-4101
-6043
-6951
-6700
-5813
-4530
-3164
-2283
-1596
-302
1101
2054
2339
1546
1189
1070
231
-240
-709
-1537
-2152
-2305
-2056
-2031
-2968
-3793
-3705
-3632
-4016
-3972
-3187
-2541
-2772
-2666
-2159
-2216
-1617
-232
976
1687
1778
952
-635
-1867
-2152
-2424
-3108
-3089
-1498
98
553
1011
1648
2109
2636
2914
3702
4293
3580
2381
923
17
112
612
1795
2555
1481
-671
-3211
-5463
-6468
-5729
-4203
-2829
-1610
-464
814
2172
3788
4668
4056
2773
786
-1145
-2393
-3718
-3797
-2144
-424
-252
-1742
-2269
297
4838
8637
10326
9917
8385
7548
7351
6398
5633
5027
3405
1326
-187
-856
-1538
-2509
-3108
-2027
339
1359
344
-872
-1300
-491
137
-1599
-4278
-6169
-5998
-4220
-2969
-2548
-2934
-3785
-4154
-3849
-3901
-4601
-4307
-2360
-1447
-2886
-4292
-4828
-5077
-4411
-2471
-676
1130
2978
3183
2527
1811
574
-938
-1767
-593
1660
3535
5037
5165
4070
3613
4852
6785
6815
4081
580
-746
-18
78
-1160
-1706
-687
721
1405
1862
2242
2254
562
-3445
-7322
-9226
-9150
-7024
-3464
-414
1015
1309
1147
661
217
-387
-1134
-1780
-2105
-1562
-503
923
1886
2607
3996
5821
7496
8218
7994
7858
9152
11336
13611
15761
17273
18003
18354
19399
21180
22633
22406
19499
14316
7411
-1008
-9469
-15935
-20005
-23099
-26665
-30161
-32585
-32767
-32766
-32766
-32766
-32768
-32768
-32762
-32558
-30799
-26425
-21277
-15814
-9976
-4560
946
6206
11289
16235
19493
21108
21945
21790
21695
21785
20736
19454
18191
17060
16344
15547
14214
12537
10330
8162
6515
5305
4848
4209
2763
1693
880
526
1323
2153
2611
2691
1923
1000
540
364
282
-31
-763
-1512
-1781
-2170
-2239
-2076
-2296
-1694
-572
686
1580
1604
1404
1344
1126
781
458
273
553
987
924
-72
-1194
-1569
-1391
-1084
-1443
-2137
-2228
-1793
-645
562
648
-355
-1788
-2918
-3197
-2078
-820
-376
-881
-2076
-3071
-4053
-4376
-4048
-3805
-3569
-3458
-2684
-1253
-449
-243
-442
-345
-43
-485
-1091
-1158
-819
-368
-73
357
1428
2797
4226
4847
4359
3464
2284
1288
799
237
-650
-1717
-2555
-2537
-1631
-209
787
1105
1343
1411
1480
1249
507
-350
-565
4
927
1900
2307
2327
1931
1172
744
575
963
2171
3647
4741
4441
3490
2848
2890
3964
4577
4406
3809
3566
3871
3947
3746
3228
2651
2152
1590
1027
660
407
500
618
539
130
-1053
-2412
-3850
-5216
-5771
-4986
-3407
-1708
-1236
-2717
-5015
-7116
-8126
-7892
-6932
-5412
-4264
-3569
-2840
-2385
-2157
-1961
-2006
-2284
-2593
-2584
-1942
-1014
148
1089
1190
1161
1232
1877
3205
4320
4501
3659
2458
1431
697
775
1029
1173
1293
1321
1631
2174
2631
2828
2448
1364
327
-267
-629
-975
-1390
-1885
-2058
-1818
-1832
-1611
-1196
-678
-107
343
559
459
263
34
-604
-1300
-2227
-3010
-3132
-2599
-1673
-563
677
1642
2408
3030
2571
1314
-99
-1768
-2550
-2882
-2843
-2076
-1552
-1127
-488
117
665
1022
1182
1429
1724
1617
1464
1477
1299
1313
1409
1211
991
851
1003
600
-296
-996
-1468
-1396
-601
113
668
1031
1308
1653
1909
1779
1201
781
489
293
75
-263
-562
-459
-125
122
54
185
472
471
691
651
512
759
953
993
744
511
468
559
671
546
224
-35
63
120
238
516
876
1001
943
828
699
775
494
109
97
262
411
370
58
-46
-65
-247
-982
-1863
-2558
-3059
-3435
-3974
-4806
-5560
-5871
-6238
-6661
-7257
-7823
-8097
-8008
-8141
-8506
-9038
-9644
-9776
-9823
-10142
-10325
-9993
-9169
-8263
-7515
-6875
-6231
-5701
-5091
-4308
-3779
-3234
-2587
-1745
-802
32
967
1958
3112
4372
5539
6831
8152
8808
9094
8872
8615
8900
9314
9996
10283
10302
10263
9669
9057
8343
7825
7936
8008
7915
8035
8061
7974
7672
7310
6791
6182
5654
4956
4659
4375
4066
3866
3386
2755
2330
2233
2099
1508
854
347
159
230
107
-42
-228
-57
440
678
550
254
170
-99
-750
-1354
-1853
-2100
-2349
-2370
-2378
-2728
-2746
-2645
-2355
-2047
-2040
-1790
-1549
-1589
-1903
-2596
-3266
-3640
-3878
-4033
-4065
-4041
-4014
-3750
-3332
-2941
-2443
-2256
-2121
-1988
-2085
-2034
-2128
-2533
-2841
-2940
-2999
-3035
-3157
-3107
-2932
-2548
-2335
-2286
-2197
-2207
-1851
-1353
-1296
-1404
-1432
-1041
-616
-375
-325
-464
-537
-697
-904
-1370
-1874
-1898
-1762
-1613
-1572
-1429
-1103
-1212
-1290
-1084
-836
-517
-264
-167
-196
-324
-490
-286
113
446
460
314
-42
-122
66
135
426
399
170
385
767
1012
1148
1160
1200
1187
1347
1404
1329
1424
1415
1411
1272
1047
808
533
165
-233
-391
-120
312
864
1294
1572
2147
2358
2430
2567
2299
2073
1830
1809
1922
1860
1812
1655
1639
1634
1502
2010
2576
2800
2826
2469
2091
1904
1737
1584
999
300
-194
-261
-161
-342
-372
-533
-561
-149
280
616
857
1263
1500
1492
1218
980
1290
1695
1925
1936
1451
1065
1065
879
448
-224
-702
-971
-989
-1015
-1107
-828
-735
-810
-781
-711
-850
-934
-1160
-1383
-1494
-1688
-2019
-2449
-2788
-2869
-2442
-2111
-1935
-1659
-1375
-1363
-1246
-1034
-1041
-1341
-1312
-980
-577
-381
-598
-655
-616
-507
-442
-252
226
617
806
840
697
592
640
525
374
-126
-598
-781
-865
-677
-469
-198
350
583
510
419
370
458
521
604
424
336
380
302
234
51
79
39
-241
-730
-1027
-1104
-1149
-1027
-1137
-1177
-1278
-1073
-654
-439
-318
-343
-58
458
816
844
914
1245
1348
1216
1309
1314
1442
1551
1409
1248
1225
1105
947
942
751
772
1114
1188
1049
881
700
660
732
722
583
415
220
33
-208
-448
-415
-455
-355
-74
1
185
192
133
144
-8
178
507
528
595
320
261
484
516
261
12
-292
-506
-374
-348
-510
-565
-549
-464
-234
-464
-593
-366
-281
-1
-4
-96
-87
-299
-629
-810
-1027
-1106
-1068
-983
-711
-651
-642
-600
-441
-561
-696
-471
-301
-346
-710
-916
-903
-669
-321
-154
114
586
1025
901
167
-400
-214
440
731
336
17
-218
-354
121
488
318
-634
-1393
-1989
-1638
-1064
-1189
-1379
-1871
-1963
-1404
-801
-523
-479
-529
-421
-168
-100
190
654
1054
1274
1160
1139
1078
999
992
784
839
821
931
1033
1037
1113
1091
998
656
162
-163
-330
-365
-440
-431
-284
-486
-624
-600
-259
60
123
325
365
248
-43
-357
-284
-295
-424
-354
-451
-411
-546
-802
-737
-748
-477
-145
-136
-232
-302
-245
-74
42
156
227
362
444
372
528
773
847
724
658
350
55
-78
-215
-360
-567
-741
-778
-633
-545
-143
188
242
431
349
198
93
-19
110
156
202
96
-68
-120
-515
-637
-699
-825
-773
-788
-673
-386
-325
-394
-214
-304
-309
30
190
196
157
93
92
102
37
254
134
136
-50
-247
-305
-493
-508
-558
-786
-962
-1167
-1172
-1117
-1154
-1182
-1142
-970
-840
-629
-422
-527
-243
21
-298
-405
-312
-477
-343
-299
-582
-773
-767
-907
-814
-682
-922
-906
-831
-911
-848
-777
-967
-1131
-1253
-1374
-1183
-1047
-1003
-935
-868
-553
-643
-1119
-1234
-1011
-593
-215
-33
64
67
134
727
1349
1328
1300
1374
1549
1701
1813
1794
1742
1677
1598
1922
1894
1548
1408
1326
1416
1466
1421
1613
1954
1830
1548
1580
1516
1549
1933
1943
1366
1258
1252
1159
1359
1521
1370
1278
1128
848
903
908
881
966
676
224
188
-116
9
391
312
367
221
-130
-142
-231
-264
-126
-308
-580
-865
-1272
-1417
-744
134
386
197
75
19
63
164
380
564
522
537
473
355
256
81
7
-199
-536
-674
-819
-1023
-1191
-1309
-1308
-1532
-1554
-1490
-1424
-1073
-1109
-1274
-1084
-870
-716
-738
-943
-1137
-1118
-1101
-1218
-1395
-1530
-1425
-1321
-1464
-1683
-1683
-1526
-1453
-1511
-1409
-1685
-1683
-1385
-876
-479
-577
-991
-994
-429
-147
215
669
766
808
1109
1420
1565
1657
1877
2374
2960
3400
3841
4364
4565
4653
4500
4430
4243
3913
3842
3474
3224
3130
3023
2955
2954
2812
2623
2069
1494
1218
966
804
484
72
-192
-246
-496
-733
-946
-1055
-1112
-1217
-1331
-1730
-1906
-1921
-1879
-2086
-2546
-2733
-2767
-2684
-2555
-2720
-3007
-3224
-3199
-3001
-3126
-3251
-3135
-3120
-3008
-2887
-2856
-2723
-2771
-2897
-3074
-3153
-3198
-3418
-3285
-3311
-3428
-3350
-3192
-3048
-2874
-2829
-2883
-3009
-2932
-2922
-2825
-2985
-3440
-3373
-3423
-3450
-3587
-4188
-4877
-5136
-5129
-5113
-5312
-6214
-7419
-8370
-9062
-9416
-8734
-6781
-3883
-198
3268
6154
8514
10027
11023
11456
11612
11851
12223
12420
12052
11069
9619
8062
6826
5753
5046
4884
4812
5005
4949
4259
3286
1968
534
-610
-1646
-2317
-2492
-2300
-1875
-1075
-160
891
1806
2225
2608
2794
2828
2768
2671
2811
2926
2928
2899
2790
2757
3162
3925
4636
4943
5267
5569
6196
6810
7112
7291
7220
6826
6262
5619
4789
4080
3505
2941
2135
1359
576
-58
-632
-1329
-1834
-2473
-2998
-3521
-3939
-4163
-4006
-3415
-2600
-1571
-345
770
1686
2145
2033
1825
1829
1904
1793
1787
1577
773
-28
-986
-1894
-2513
-3177
-3852
-4572
-5585
-6771
-8052
-9117
-10051
-10773
-10983
-10780
-10284
-9803
-9333
-9287
-9834
-10482
-11207
-12020
-12185
-11160
-9489
-7485
-5612
-4246
-3501
-3538
-4014
-4364
-4412
-4358
-4146
-3754
-3667
-3650
-3381
-3226
-3000
-2570
-1887
-724
532
1390
1956
2083
2412
2962
3082
2681
1820
990
837
1101
1471
2241
2681
3112
3686
4032
4883
5682
5665
5213
4587
3476
2204
1137
-144
-1135
-1794
-2297
-2085
-1364
-183
995
1277
1076
547
628
1478
2349
3550
5128
7259
9680
10782
10295
8823
6068
2549
-699
-2733
-3262
-2370
-808
38
509
854
881
1167
991
588
763
1231
917
-310
-943
-854
-219
870
1685
2046
2692
3773
4841
5172
4526
3581
3091
3508
3807
3472
2941
2313
2277
2074
1500
560
-913
-974
-33
191
94
78
-17
135
88
167
1106
1384
192
-977
-1143
-1582
-2547
-3882
-5091
-5441
-5425
-5335
-4857
-4414
-4241
-3743
-2394
-1497
-726
864
1555
1241
-65
-1466
-1405
-282
329
446
26
-1135
-1248
-435
291
1168
1166
383
-120
-654
-1036
-1078
-1648
-2319
-2931
-3557
-3365
-2598
-2014
-2232
-2597
-1156
121
142
-567
-2648
-3957
-2921
-760
-53
-831
-2088
-2788
-1600
2048
6575
11092
14635
14675
12899
11698
9581
6096
2579
68
-1158
-1594
-2352
-2393
-1850
-2639
-5035
-8021
-9738
-9956
-8525
-5407
-1293
2236
3351
2664
904
-1800
-4466
-6404
-6950
-6182
-4469
-2007
595
3158
5143
6124
6131
5339
3371
299
-3054
-4409
-3049
-469
2166
4305
5563
4684
2853
1878
1588
305
-1381
-2401
-3118
-3858
-4369
-4548
-4496
-4513
-4275
-3423
-3150
-4363
-5781
-5398
-3330
-1414
298
2537
3865
3974
4310
5752
7941
9248
9268
8570
7556
6354
4962
3354
2344
1829
718
-537
-1197
-896
-652
-1329
-1408
-230
525
8
-701
-189
1792
3479
2795
850
-886
-2719
-4218
-4345
-2909
-434
2848
4455
3334
1231
-1385
-4075
-5398
-4908
-4952
-6069
-6352
-6155
-6476
-6750
-5928
-4263
-1971
993
3025
3132
1811
214
854
4007
6206
4947
1110
-2408
-2852
-122
3499
6046
7010
6719
5272
2940
-151
-3017
-4691
-6415
-7023
-4692
-617
3317
4674
4255
4677
5703
7030
8394
8975
6928
3266
436
-2257
-4874
-6461
-6536
-6768
-8161
-8560
-7039
-5486
-4263
-1504
1751
2769
1706
1095
2199
3050
1293
-3175
-8041
-9148
-5210
-537
1084
538
-178
128
1142
1482
1236
1894
3877
5689
5586
2519
-1615
-3863
-3544
-2451
-1187
1362
2597
597
-1217
-670
940
1604
1214
1578
3856
6393
6499
2561
-3153
-5897
-4781
-3019
-2494
-1719
-429
921
1975
1940
1717
1753
380
-1888
-3098
-3284
-3046
-2033
-329
1737
4441
6028
6055
6302
6525
4738
3156
1943
-2700
-6889
-5340
-1891
-2115
-3525
-1779
1543
3977
4601
2714
0
-3069
-7302
-8624
-6081
-4323
-3067
167
3531
4858
4481
3495
3587
4992
4756
1108
-3541
-7670
-11522
-12216
-8978
-5927
-3909
477
5982
8367
7166
4737
3652
1798
-3389
-7383
-8567
-10823
-12979
-10897
-5432
-1543
296
3510
8209
11764
13156
12173
9141
5939
3837
3195
3472
4069
3980
3007
1293
-1611
-5013
-9509
-14209
-14994
-11486
-7326
-3272
1626
5652
6797
5235
2319
533
1160
3045
5043
6283
6215
5531
6240
8529
8640
5007
59
-4026
-4965
-2487
-374
-303
-473
-450
-2310
-6620
-9551
-7834
-3459
-219
1495
2424
2356
1555
-731
-3957
-5540
-5912
-7597
-10567
-12340
-10242
-3668
3740
7441
6978
5139
4234
4376
5031
4394
52
-5205
-6134
-4650
-4191
-2716
-214
3447
9665
14508
13939
8646
2651
493
2543
4025
852
-4165
-6592
-6415
-3673
1920
6334
6658
6401
7649
8339
6353
3027
1075
301
-1006
-2882
-3254
-2119
-891
-937
-2489
-4054
-3840
-1232
1957
3438
3127
2474
685
-3095
-7411
-9440
-7815
-4893
-3395
-3590
-3573
-2865
-2529
-3585
-6551
-9906
-10169
-5943
-575
1833
1077
872
2654
5305
7870
8092
5349
1772
-1665
-4236
-5439
-4617
-1013
4188
7738
8983
9481
9831
9692
8735
7045
5071
3154
1295
-78
-1003
-793
460
1927
3249
3638
3638
3499
2786
1782
1207
2230
4368
5685
5592
3843
1681
130
-1117
-1927
-3352
-5584
-7912
-10030
-11020
-10851
-10190
-9645
-8540
-6619
-5050
-3861
-2778
-2189
-2229
-4116
-8126
-12156
-13679
-10952
-5377
102
2937
3087
3194
4204
5134
5415
6062
7550
8382
7786
5772
3109
1577
1756
1942
1287
863
874
561
-107
32
828
497
-892
-2314
-3156
-3571
-3921
-4183
-3583
-2094
-1543
-2206
-1954
378
3226
3742
1802
-714
-3511
-5337
-3712
605
4972
6172
4424
3085
2948
2740
1505
-557
-2835
-3689
-2522
-181
2530
3768
2665
886
186
451
157
-1403
-2847
-2779
-868
1538
2654
1929
1209
984
1418
2715
4349
5534
4435
675
-3246
-4622
-3301
-1514
-1369
-1919
-1399
-312
349
965
991
-386
-1970
-2320
-2031
-2201
-2929
-2513
235
3646
5652
5642
4234
2088
-182
-2919
-5667
-6193
-4689
-2151
408
1525
1297
498
-421
-1067
-1502
-1572
-582
878
1867
1697
597
-1439
-4337
-6336
-7219
-7778
-6631
-3586
-368
1999
2980
2228
688
126
-394
-1365
-2413
-3055
-3826
-5325
-6380
-6193
-4697
-2642
-1079
-385
186
2243
4222
3707
1881
1378
1866
1579
-394
-2846
-3582
-1804
1735
4914
5977
4329
1315
-303
-348
1131
2959
2870
1702
1427
2374
3011
2830
2100
1560
1878
2734
3395
3938
5266
7481
9479
9404
7270
4449
2160
1415
2349
5289
10722
17849
24958
28989
28063
21775
11157
-1382
-13493
-23613
-30962
-32767
-32745
-32767
-32767
-32731
-31880
-27866
-21516
-16596
-12015
-7638
-4509
-2073
-1082
-1057
-575
1236
4199
6725
8890
11098
13129
15441
18120
20347
21467
21322
19670
17068
13995
10591
7702
5738
4818
4582
4624
4711
4705
4237
3360
2976
2950
2825
2070
822
-28
-719
-1149
-1297
-1353
-947
-146
291
-57
-1486
-3416
-4685
-5144
-4906
-4707
-4795
-4828
-4267
-3446
-3111
-3342
-3560
-3099
-1497
355
1934
3427
4521
4719
3977
2700
981
-565
-1555
-1734
-960
11
811
1359
1111
417
-581
-1743
-2327
-2651
-2757
-2454
-1718
-919
-366
-441
-794
-1178
-1661
-1806
-1665
-1223
-547
-329
-1227
-2377
-3195
-3771
-3955
-3764
-3451
-3085
-2407
-1605
-858
-307
-464
-812
-876
-1039
-1126
-1206
-833
188
846
1343
1723
1913
2183
1086
-825
-1498
-741
768
2013
2423
2633
3112
3436
2868
2011
1373
947
883
1020
1354
1625
2415
3553
4619
5308
5161
4468
4029
4636
5448
5916
5937
5496
4571
3684
3000
1790
856
638
612
421
-268
-927
-929
-946
-1162
-1241
-1075
-824
396
1938
3336
3472
2514
2124
1599
1167
819
113
-710
-1627
-2103
-1503
-537
1110
3120
4877
6036
5879
5158
4368
3479
2643
1827
909
-88
-243
266
718
2016
3748
4637
4317
2886
525
-1856
-3451
-4233
-3976
-2312
-364
733
607
-487
-1557
-2372
-3266
-3758
-3904
-3818
-3405
-3012
-2715
-2573
-2667
-3126
-3389
-2887
-2000
-1189
-496
-447
-866
-1473
-1763
-1581
-1484
-1525
-1501
-1108
-592
-223
-168
-376
262
1616
2583
2693
2449
1808
484
-1007
-2313
-3078
-2599
-1391
109
1786
2523
2388
1959
715
-934
-2281
-3186
-3239
-2392
-1113
259
1557
2290
2424
2284
1260
-211
-1547
-2783
-3318
-3411
-3302
-2683
-1600
-197
1439
2709
3350
2968
1238
-530
-1668
-2743
-3470
-3413
-2675
-1617
-625
-52
404
677
794
1108
984
418
-168
-819
-1294
-1494
-1891
-2180
-2021
-2109
-2215
-1685
-655
462
1641
2008
1667
1198
362
-378
-749
-901
-977
-1034
-1386
-1826
-1756
-1640
-1062
-21
617
886
586
-329
-1195
-1743
-2015
-2039
-1877
-1566
-1145
-591
-217
-190
-147
-119
-311
-264
-73
116
380
434
285
-568
-1523
-2274
-2631
-2869
-3178
-3289
-3528
-4071
-4465
-4971
-5494
-6204
-7459
-8838
-10215
-11738
-12762
-13168
-13271
-12945
-12043
-10839
-9716
-8990
-8613
-8654
-8748
-8594
-7975
-7017
-6142
-5356
-4502
-3406
-2260
-623
935
2183
3030
3492
4128
4732
5733
7032
8420
9693
10904
12736
14518
15588
16208
16531
16842
16733
15882
14911
13875
12912
12258
11969
12142
12351
12190
12075
11583
10709
9847
8708
7548
6190
4834
3733
3101
2642
2673
2945
3270
3475
3139
2861
2183
935
-391
-1545
-2696
-3492
-4164
-4698
-5066
-5221
-4640
-3800
-3116
-2546
-2258
-2427
-2799
-3227
-3445
-3620
-3544
-3753
-4229
-4712
-5215
-5509
-6084
-6768
-7042
-6767
-6050
-5156
-4921
-5133
-5011
-4508
-3666
-2894
-2291
-1780
-1558
-1853
-2511
-3397
-4370
-5545
-6685
-7228
-6917
-5504
-3491
-1722
-589
-149
-511
-971
-1481
-2086
-2379
-2792
-2930
-2773
-2102
-966
271
1374
2226
2610
2926
2923
1923
1119
372
-289
-530
-443
-57
780
1957
3350
4722
5538
5216
4131
2770
1352
63
-1120
-2202
-2369
-1360
-323
715
1232
1465
1933
2175
1957
1772
1878
1939
2391
2582
2629
3182
3698
4244
4387
3807
3136
2648
2280
2213
2413
2821
3076
3165
2695
1345
305
-206
-434
49
663
1279
1942
2233
2533
2590
2398
1630
357
-808
-1929
-2368
-2213
-2296
-2791
-3467
-3900
-4407
-4646
-4330
-3696
-2351
-1129
-631
-709
-1466
-2371
-3420
-4620
-5673
-5950
-5193
-3801
-2380
-1328
-308
568
1338
2318
3187
3349
2669
1032
-1083
-2843
-3337
-2183
214
2853
4623
4966
4405
3673
2781
2007
1391
1191
1705
3139
4829
5546
5653
5069
3867
2646
1227
555
421
-19
-44
561
1803
3457
4892
5947
6216
5679
4825
4185
3940
3027
1849
613
-851
-1566
-1582
-1377
-1376
-1989
-3559
-5628
-7644
-9522
-10519
-10541
-10061
-9061
-7554
-5607
-3456
-1698
-937
-1103
-1835
-2042
-1828
-1577
-904
-373
-62
-2
-265
-384
-609
-1140
-1551
-1016
478
2852
5437
6952
7308
6673
5420
4797
5400
6469
7437
7947
7655
6869
5997
4973
3943
2741
1784
1387
1375
1275
1227
897
-246
-1544
-3267
-4743
-5175
-5443
-5617
-5641
-5822
-5780
-5669
-5924
-6650
-7579
-8011
-8002
-8131
-8572
-8868
-9044
-8567
-7412
-6843
-6630
-6476
-6635
-6107
-5285
-4852
-4306
-4147
-3941
-3089
-2012
-1166
-191
953
2252
4059
5501
6299
6012
4313
1692
-1069
-3414
-4839
-5711
-5734
-4622
-2400
831
4022
6769
8130
8260
7855
6381
4185
1830
-246
-1558
-1606
-713
556
2396
3756
4409
4727
4790
4484
4014
3766
4150
4828
5281
4942
4006
3237
3189
3744
4222
3772
2393
999
16
-886
-1517
-1573
-822
931
2921
4321
4884
4495
3384
2199
808
-442
-1223
-1725
-1739
-1032
355
2091
3451
3756
2972
1602
198
-569
-419
145
582
692
675
890
1170
1363
853
-407
-1689
-2653
-2668
-2475
-2467
-2614
-2741
-2627
-2431
-1740
-1178
-695
-283
-101
673
1371
1540
1531
1240
496
-2
164
433
1042
1810
2208
2431
2206
1641
1222
641
-323
-1079
-1262
-788
445
2012
2961
3042
2322
1184
498
408
972
1795
2204
1906
1636
810
-466
-1529
-2664
-3139
-2881
-1774
-325
1142
2332
2593
1977
582
-1477
-3615
-5378
-5713
-5388
-5094
-4693
-4524
-4476
-4143
-3908
-4001
-4118
-4641
-5304
-5841
-6457
-6840
-6855
-7070
-7503
-7914
-8380
-8606
-8589
-8259
-6794
-4738
-2607
-600
846
1472
1498
1199
647
730
1391
2277
3495
4623
5210
5374
5620
5669
5915
6219
6204
5875
5558
5216
4565
3798
2936
2407
2095
1571
1389
1427
1682
2578
3606
4511
4977
5016
4345
3048
1737
667
251
598
1232
1889
2840
3830
4689
5317
5288
4904
4324
4098
4236
4706
5380
6147
6942
7574
7720
7085
6337
5295
4172
3252
2413
2345
2378
2452
2966
3133
3324
3354
2987
2246
1351
425
-689
-1960
-3588
-5486
-7220
-8282
-8987
-9050
-8548
-7723
-6787
-5964
-5551
-5759
-6224
-6993
-7960
-8840
-9579
-9877
-9754
-9563
-9167
-8606
-7887
-7017
-5715
-4251
-2854
-1461
-558
1
162
71
197
452
724
857
1099
1580
2135
2692
2963
2897
3033
3363
3841
4090
3559
2824
1787
561
-459
-1151
-1478
-1582
-1447
-1309
-1358
-1366
-1613
-2006
-2452
-3255
-3803
-3892
-3272
-1911
-603
511
1435
1552
1019
244
-483
-979
-1557
-1558
-1166
-1177
-1230
-1406
-1812
-2108
-2361
-2773
-3273
-3570
-3558
-2996
-2574
-2571
-1976
-883
790
2399
2830
2334
1263
-1
-1929
-3617
-4478
-5063
-5034
-4543
-4127
-3475
-2456
-1184
163
856
968
1011
1095
667
-110
-591
-1556
-1870
-398
1537
2890
3342
2983
3042
2803
1528
29
-1103
-1648
-2056
-2228
-2830
-2657
-1389
-476
376
1043
1293
1301
1201
1421
1609
1289
537
24
294
586
404
573
1062
1272
1284
1192
1698
2642
3506
4657
5286
5105
4147
3044
2250
2190
2410
2279
2274
1793
858
395
1342
2746
3100
2820
2653
3152
4156
4683
3940
2847
1650
80
-1441
-1615
-282
1141
2350
2501
1845
902
-373
-1438
-2027
-2029
-1070
705
1846
1899
1669
1216
1095
1023
777
1622
2410
1924
897
69
-296
-648
-1408
-1863
-2133
-2671
-3341
-3687
-3157
-2424
-1624
-882
-305
-68
-419
-1052
-1483
-1184
-741
-812
-950
-748
182
1443
2569
4157
5602
5899
4467
2010
827
1059
1753
1935
1668
1569
1911
2193
1495
436
140
477
361
-472
-2002
-3678
-4504
-4388
-3862
-3648
-3456
-2625
-1611
-1225
-1787
-1977
-718
1304
3289
4176
4153
3997
4155
4119
3351
2275
589
-956
-1050
132
1481
2668
3476
3824
2790
596
-891
-894
-25
-50
-1729
-4599
-7298
-8886
-9325
-8012
-5118
-1445
2012
3553
3713
3651
2617
1436
274
-1403
-2877
-3704
-3079
-841
827
1209
1441
1813
2901
4337
5147
4770
3547
2121
859
-122
-1225
-2964
-4776
-5871
-6104
-5284
-2791
1156
5354
8222
9062
8699
6774
2602
-1446
-3210
-1642
1792
4280
5201
4651
2940
918
-747
-1161
-282
-35
-1141
-1900
-1654
-1977
-2988
-3559
-3356
-2969
-3124
-3519
-3889
-4142
-5341
-7071
-7730
-6933
-4862
-1208
3745
8292
11022
11069
8326
4749
3221
2859
969
-1118
-1095
1021
3194
2093
-1898
-3709
-2733
-3306
-3959
-992
3058
4016
2583
1815
1133
-2315
-8260
-11596
-9630
-6214
-4638
-5356
-5886
-4377
-2636
-581
1948
2603
706
-2665
-5601
-6269
-4698
-3017
-3721
-5585
-6537
-5555
-2727
1143
4982
6081
3925
1436
437
-243
-356
1223
3824
5238
3206
-729
-3866
-4693
-4021
-2549
471
3935
6978
9087
8557
6767
6718
9531
13651
15598
13003
6876
-463
-6302
-8953
-8424
-6425
-3048
2619
6729
6656
5000
4055
3267
967
-1256
-1430
-621
450
796
-1790
-5604
-6885
-5659
-3350
-466
1718
1760
513
679
2676
3927
4075
3086
1005
220
199
-257
284
2383
4825
6064
5265
2980
59
-4003
-8843
-12424
-13407
-11758
-8535
-4819
-1177
1513
3068
3219
2695
1785
948
1013
790
-7
-443
459
1504
1804
2151
2977
3492
3575
3273
2662
1797
-569
-4572
-7067
-6948
-7294
-8902
-8484
-4274
-539
-127
-154
898
1978
2071
1568
556
-78
113
-50
-903
-1761
-1103
1139
3717
5821
7283
7277
4314
-378
-3273
-3808
-4594
-6404
-7863
-8665
-8204
-5761
-2446
171
903
-604
-3422
-5774
-6676
-6819
-7455
-8504
-8537
-7352
-5904
-4001
-1828
-195
1308
2854
3938
4919
6028
6889
7159
6606
4902
2570
1420
2414
5067
8384
10512
10721
9726
8733
8729
9025
8850
8621
8358
7995
8628
9188
7475
3816
-774
-5114
-7668
-8197
-7166
-4513
-1601
1365
5133
7510
7288
5834
5312
5801
4963
2931
1223
-269
-1406
-1952
-1835
-987
-300
-317
-870
-2473
-4917
-6841
-7953
-8327
-8250
-7366
-6182
-5957
-7365
-9321
-10308
-10471
-10167
-9559
-8190
-6645
-5265
-3516
-1821
201
2578
3799
3527
2752
2357
2958
3964
4537
4244
3917
3321
1614
-353
-2091
-3054
-3034
-2779
-2979
-3695
-4214
-3828
-2053
381
1684
1924
1552
45
-1930
-3569
-4518
-5010
-4740
-3118
-60
3454
5588
6012
5119
4208
3948
4163
4670
4415
3283
1918
57
-1799
-2485
-1675
335
3323
6599
8536
8896
8313
7099
4964
2533
815
-429
-1291
-1870
-1695
-627
295
254
-807
-1842
-2150
-2633
-3652
-4672
-4669
-3688
-2854
-2444
-2286
-1820
-552
1520
2808
2814
2217
1539
1046
92
-1363
-2121
-1719
-513
878
1355
682
107
-422
-1514
-3294
-4928
-4729
-2354
544
2074
2337
3052
4893
6712
7130
6440
5834
5880
5959
5087
3417
1631
-67
-2152
-4217
-5392
-6335
-7475
-7279
-5576
-3179
-1243
-925
-1297
-1673
-1445
-1382
-2061
-2893
-4186
-4557
-3925
-3715
-4216
-4430
-3263
-1155
929
2546
2747
1978
1629
934
-454
-1165
-858
-355
425
1568
1853
2150
3378
4813
5848
6193
5984
5034
2973
281
-2658
-4811
-4853
-3486
-1967
-1606
-1924
-1960
-1626
-1069
-626
-30
268
-631
-1361
-1065
-758
-1448
-2537
-2878
-2826
-3053
-3549
-3497
-2471
-2081
-2588
-2334
-1558
-717
733
3091
5328
5714
4060
2069
579
-599
-1140
-1439
-1012
232
2063
4271
5911
6376
5891
4928
3942
2895
1204
-1562
-4370
-5838
-5696
-4575
-4032
-3904
-2943
-1275
-182
-518
-1873
-3760
-5493
-6659
-6918
-6811
-6546
-6042
-5540
-4415
-2349
767
4279
6888
7821
7031
5651
3988
3015
3036
2984
2273
1290
1134
1634
2200
2237
1574
1400
1913
2267
1756
871
320
698
1812
2834
3423
3135
2451
1512
363
454
1635
3619
5359
6790
8218
9631
10925
11679
11980
12180
13661
17406
22264
26997
29314
27149
21309
12610
2225
-7138
-13743
-17797
-20833
-24487
-28706
-32300
-32768
-32768
-32763
-32768
-32762
-32768
-32740
-32100
-28741
-22805
-17607
-12502
-7195
-2404
2482
6905
10459
13753
16327
17845
18865
19209
18678
17991
17104
15688
13636
11134
9458
8865
9653
10939
11165
10460
8917
7003
5439
4104
3005
1965
641
-549
-1207
-1425
-1492
-1194
-988
-782
-132
552
792
627
337
508
267
-744
-2084
-3439
-4063
-4081
-3591
-3074
-2843
-2548
-2198
-2023
-1713
-1304
-1159
-1022
-741
-113
514
1273
1773
2176
2126
1577
1785
1834
1780
1853
1937
1942
1972
1916
1793
1528
1104
473
-92
-179
-401
-534
-617
-1004
-1301
-1191
-1346
-1978
-2758
-3792
-4205
-4132
-4448
-4761
-4918
-4950
-4473
-3921
-3330
-2624
-2339
-2032
-1569
-801
-119
312
637
864
1163
1604
2240
2684
2864
2997
2922
2917
2819
2510
2312
2220
1988
1959
2022
1602
1291
972
646
426
515
847
1243
1931
2206
2270
2113
1757
1639
1663
2120
2973
3715
4471
4799
4249
3222
2392
1788
1299
974
521
-150
-827
-1313
-1737
-2023
-2382
-2768
-2820
-2845
-2561
-2076
-1855
-1606
-919
-109
241
491
743
1137
1668
2124
2484
2450
2285
2480
2223
1396
378
-90
597
1846
3247
4209
4395
4346
4197
4075
3994
3620
3318
3188
3142
2987
2973
3386
3154
2570
2107
1444
1138
1363
1469
997
678
628
587
421
-101
-774
-1431
-1699
-1982
-2478
-3342
-4006
-4389
-4540
-4435
-4126
-3845
-3654
-3424
-3308
-3191
-3004
-2764
-2601
-2527
-2327
-2160
-2212
-2478
-2679
-2514
-2295
-2180
-1935
-1578
-930
-364
-166
-80
-140
-46
221
524
733
636
687
893
1071
1064
993
729
383
59
-244
-457
-440
-498
-456
-158
-300
-609
-793
-1026
-1180
-1245
-1233
-1620
-1582
-1455
-1704
-1764
-2057
-2192
-2136
-2320
-2372
-2361
-2181
-1756
-1411
-1250
-1048
-918
-749
-709
-649
-577
-593
-423
-583
-737
-352
-223
-207
-172
-271
-209
-78
-163
-228
-195
-212
-306
-303
-554
-596
-479
-554
-458
-296
-225
-67
176
279
212
-3
-51
-459
-1155
-1691
-2051
-2316
-2611
-2836
-3364
-4042
-4412
-4702
-4866
-5203
-5505
-5772
-6146
-6223
-6140
-6228
-6285
-6063
-6107
-6188
-5995
-5769
-5310
-4808
-4383
-3932
-3473
-3007
-2648
-2177
-1648
-907
230
1112
1686
2322
3265
3999
4687
5426
6011
6686
7444
7913
8265
8701
9075
9481
9864
9963
10240
10377
10143
9984
9801
9696
9515
9127
8621
8209
7788
7411
6892
6080
5281
4937
4798
4728
4462
3879
3829
3839
3644
3316
2904
2665
2428
2261
1660
878
447
174
-193
-749
-1634
-2353
-2751
-2970
-3551
-4286
-4720
-4964
-4949
-5133
-5361
-5401
-5111
-4790
-4390
-4181
-4189
-4097
-4125
-4018
-4081
-3998
-3862
-3719
-3638
-3573
-3418
-3358
-3356
-3495
-3579
-3431
-3247
-3154
-3204
-3058
-2819
-2721
-2336
-2347
-2639
-2709
-2753
-2740
-2824
-2854
-2837
-2948
-3055
-2970
-3025
-2550
-1895
-1465
-942
-780
-588
-356
-325
-466
-949
-1401
-1605
-1695
-1636
-1798
-1894
-1753
-1251
-753
-288
249
649
997
1096
1279
1432
1490
1461
1450
1458
1482
1861
2072
2305
2631
2873
3328
3648
3865
3742
3554
3527
3152
2799
2423
2148
2279
2391
2667
2636
2324
2177
1869
1451
1145
971
515
317
337
285
435
639
802
1163
1724
1829
1852
1935
1749
1304
476
-885
-2267
-3841
-4818
-5319
-5555
-5390
-5366
-5421
-5515
-5449
-5292
-4770
-3773
-2221
-403
1049
2035
2916
3391
3599
3578
2976
2341
1987
1673
1294
996
571
282
217
343
811
998
911
287
-480
-768
-797
-313
-62
68
307
373
595
1047
1271
1470
1446
1226
1416
1725
1929
2056
1851
1314
663
177
311
467
969
1826
2393
2660
2216
1273
417
62
225
944
1824
2233
2447
2515
2565
2987
3613
3988
4093
4039
4164
4143
3512
1734
125
-1009
-1710
-1692
-1454
-960
-331
-131
-673
-1454
-1852
-1605
-473
1002
2103
2980
3267
2658
2581
2647
2879
3375
3515
3615
3895
4293
4768
5336
5669
5337
4241
2570
691
-226
-515
-814
-596
-866
-1602
-2778
-4717
-7121
-9431
-11252
-12195
-11889
-10886
-9405
-7438
-5793
-4731
-4393
-4390
-4398
-4791
-5177
-6154
-8131
-10003
-10613
-9701
-7741
-5463
-3710
-2589
-1857
-1511
-1371
-1133
-745
-211
204
416
423
357
402
190
-238
-494
47
631
1135
1940
2690
3383
4014
4674
5041
4955
4147
3220
2447
1521
1091
761
288
60
-20
-31
294
713
1095
1278
1481
1245
779
711
510
564
905
1338
1643
2347
3235
3792
4189
4308
4028
3584
2760
1792
1132
477
-368
-819
-723
-400
-43
244
181
240
390
320
285
179
120
290
488
356
156
389
490
542
857
990
1137
1535
1389
1247
1176
835
959
859
884
1065
754
676
806
838
833
790
767
1049
1512
1809
2081
2266
2310
2314
2038
1656
1201
533
-36
-436
-399
227
542
611
663
614
604
310
165
-70
-235
-74
65
237
273
271
371
416
29
-647
-809
-895
-808
-418
-49
322
748
1098
1286
1091
1024
965
515
-62
-498
-730
-780
-726
-1234
-2203
-2932
-3309
-3919
-4322
-4638
-4886
-4600
-4571
-4600
-4749
-4852
-4416
-3833
-3447
-3280
-2994
-2502
-1909
-1491
-1157
-1009
-1036
-839
-716
-937
-555
-283
-315
-82
-278
-588
-993
-1616
-2159
-2526
-2896
-3061
-3222
-3578
-3709
-3654
-3514
-3305
-3348
-3716
-3899
-4176
-4270
-4397
-5092
-5784
-6415
-7062
-7178
-6702
-5675
-3960
-1704
487
2456
4487
6668
9146
11834
14331
16376
17286
16846
15568
14039
12364
11056
9602
8240
7112
6105
5503
4991
4182
3182
1989
417
-631
-1579
-2702
-2983
-3251
-3297
-2912
-2693
-2448
-2354
-2475
-2438
-2566
-2344
-1889
-1417
-718
-323
395
1464
1935
2454
2808
3111
3633
4019
4384
4628
4919
5355
5539
5620
5667
5880
5948
5406
4639
4180
3651
3042
2309
1387
469
-126
-431
-975
-1581
-2079
-2207
-2078
-1921
-2111
-2491
-2868
-3263
-3597
-3877
-4158
-3880
-3250
-2620
-1632
-914
-344
654
1241
1517
1295
961
965
905
797
141
-724
-1459
-2164
-2369
-2712
-3832
-4819
-5643
-6523
-7465
-8106
-8354
-8258
-8100
-8027
-7607
-7249
-7164
-7101
-7258
-7553
-7376
-6939
-6396
-6004
-5514
-5244
-5486
-6368
-7740
-8423
-8233
-7867
-7258
-6317
-5215
-4639
-4137
-3992
-4461
-4486
-3781
-2461
-988
-121
256
871
1541
2189
3634
5254
6327
6319
5510
4484
4300
4771
4874
4434
3543
3051
3033
3411
4207
4426
4324
3965
3105
1972
1208
984
1269
1656
1422
966
1073
1834
2582
3116
3574
4409
5162
5335
4841
4217
4030
3480
2234
939
-650
-2225
-3266
-3962
-3458
-1400
988
2698
3664
3505
3123
3809
4896
5703
5728
4831
3735
2956
2963
4050
5374
6654
7726
8457
8924
8692
8163
7383
5680
3551
1420
-63
-41
375
587
381
-19
-21
-154
-860
-2193
-3682
-4917
-5572
-5425
-4768
-3875
-3291
-3574
-3731
-3171
-1832
282
2411
4056
4259
2850
435
-2843
-6005
-8285
-9506
-10176
-11430
-12093
-10756
-7591
-3572
-577
928
1364
868
-199
-1621
-3349
-4923
-5806
-6168
-6486
-6748
-6133
-4731
-3233
-1926
-747
445
2029
3947
5892
7187
7066
5914
4063
2533
1660
1498
2095
2301
2330
2716
2934
2432
1055
-539
-1177
-325
1640
2904
2482
1175
-367
-957
-466
540
813
136
-197
477
1626
2895
4178
4665
4128
2792
2132
2568
3272
2867
1206
-149
-643
-598
353
2757
4883
5386
4472
2416
92
-1620
-2937
-3867
-5143
-6832
-7812
-8532
-8611
-7751
-6468
-5003
-3344
-1688
-491
743
2213
3549
5022
6250
6874
7297
6957
5012
2960
1382
-41
-164
1003
2035
2122
596
-2276
-4689
-5388
-4708
-2929
-1299
-1691
-2917
-3387
-2777
-1860
-1208
-1194
-2343
-2642
-830
1509
3164
4945
6230
5857
4520
3667
3193
3050
2990
1653
299
-152
-137
-699
-1823
-3861
-6282
-6430
-4032
-1429
610
1963
1950
760
303
1854
3687
3856
2004
439
553
914
1250
1637
2596
4658
5565
3903
1324
-1329
-3505
-4303
-3677
-1293
919
1059
1689
3498
3218
1278
-261
-1270
-1576
-2526
-4806
-6809
-7166
-6026
-5209
-4025
-988
2229
2870
1644
671
438
759
1883
3134
2405
1046
1547
2980
2973
1016
-1169
-2098
-1640
-921
-742
-1007
-1580
-1347
-1036
-1089
-1580
-1859
-1329
-79
2277
3053
1626
1657
2583
3149
3790
3867
3174
1970
116
-1869
-3363
-4956
-5744
-6296
-7817
-7144
-3779
-1635
-1893
-1956
-1437
-1894
-2408
-1100
517
2004
5018
7000
4834
439
-2276
-2200
-1651
-2246
-3215
-3764
-3728
-2806
-2430
-4093
-4745
-2571
-16
1769
2006
643
-777
-364
2505
6519
9285
10142
9480
7979
6169
4301
3312
2230
1319
1005
-125
-1227
-621
180
-132
-1019
-2350
-4194
-4867
-3728
-3006
-1678
-1513
-4902
-6793
-4653
-1005
2708
6794
10110
9063
2618
-4442
-6964
-2868
4208
8006
6661
2909
-802
-3025
-3035
-895
1873
3230
2199
-351
-2352
-3168
-2162
-230
889
-363
-3277
-5070
-4951
-4444
-4864
-6490
-8453
-8300
-4974
171
5522
8582
6385
2541
2742
3985
1362
-3304
-4600
-1838
1721
4846
6829
5758
2300
348
1006
1809
2108
1939
-669
-4845
-7438
-6767
-3288
1170
5008
7629
9400
9058
5721
228
-5095
-7352
-7061
-5539
-3336
-2257
-3353
-4904
-4387
-2006
746
3744
7222
9756
8451
2587
-3419
-5076
-2585
589
1383
518
848
334
-2278
-3093
-2213
-4379
-8098
-8863
-7619
-5474
-3292
-2205
-1207
549
241
-2527
-3184
-1899
-1562
-2353
-1797
2770
8581
11059
11150
10120
7419
3693
532
-287
976
2479
2662
2575
3768
3466
-676
-6701
-9715
-8043
-4966
-2895
-2125
-1597
-1816
-3004
-3133
-1486
788
2483
3211
2777
2139
2062
1453
1101
2600
5042
6391
7150
6525
3567
1100
-351
-1015
37
2191
3810
3564
1513
-2086
-6226
-9253
-10788
-9788
-7082
-4946
-3843
-3201
-2861
-2092
80
2346
2697
1195
-1081
-1855
-907
-529
-1500
-2624
-2839
-2102
-1097
796
3453
5257
6704
8380
9330
9017
8217
6888
4757
2903
1559
292
-349
-500
-605
-1244
-2117
-2219
-1542
-307
1822
3997
4976
5372
5538
4448
2614
1053
-1433
-4548
-6387
-5736
-3175
64
3245
4398
2734
393
-369
654
1983
2322
1567
-281
-2730
-4577
-5571
-6508
-7707
-8667
-9048
-9125
-8987
-8511
-8108
-7768
-7032
-5285
-2263
1477
3855
3724
2985
3073
4354
5178
4006
2077
639
-232
-1499
-3468
-4126
-2619
-501
226
-451
-214
1842
4514
6833
7623
6466
3722
1101
-929
-2206
-3161
-4780
-5890
-5386
-4008
-2737
-1153
622
2233
4225
6946
9157
9016
6386
2758
-572
-2928
-3893
-3253
-2203
-2336
-3337
-3565
-2235
-1172
-1440
-2158
-2922
-3292
-2701
-1457
-20
1260
2289
3643
4507
4408
3737
3186
3837
6074
7950
7917
5940
3198
1209
-1039
-3984
-5815
-5377
-3382
-1364
611
2141
3372
3787
3362
3348
2773
738
-2932
-6363
-7993
-8608
-8633
-7754
-6542
-4875
-2519
-341
1217
2453
3559
4822
6275
7097
7173
6480
5032
3531
2654
2823
3520
2718
46
-3006
-5789
-7899
-8712
-8386
-7459
-6101
-3706
-449
2360
3805
3821
3060
1796
504
-74
403
1208
1313
1922
2258
1024
-261
-1047
-1923
-2602
-2434
-1643
-935
-489
-598
-1388
-1962
-2062
-1443
-825
-1085
-1175
-796
274
971
1211
1817
1648
598
-669
-1198
62
732
-956
-3464
-5199
-5969
-5829
-5157
-5053
-4897
-4040
-1698
1249
2931
3348
3836
4260
3616
2065
749
1054
2102
2685
2311
1985
2195
1860
1766
2338
3411
4332
4243
4077
4179
4289
4297
3587
2966
3726
6188
8375
9409
10667
12921
15552
18290
22081
25901
25751
18141
3647
-12851
-25975
-32762
-32675
-32763
-32768
-32766
-32766
-32635
-31634
-29577
-27735
-25096
-20909
-16227
-11668
-7582
-4373
-2273
-503
1204
3775
6840
9618
12490
15266
17776
19679
20177
19450
18831
18519
17944
16742
14869
12284
9701
7761
6496
6153
6060
5771
5547
5258
5112
4635
3415
1912
458
-227
-572
-684
-895
-1434
-1619
-1707
-1374
-687
219
1186
946
-444
-1887
-3009
-3731
-4562
-5766
-6327
-6362
-5606
-4346
-3223
-2274
-1385
-605
-404
-192
374
883
1547
1598
889
892
1147
1160
1093
482
-350
-938
-1398
-1752
-1973
-1935
-1574
-948
-441
-206
-60
641
1445
1665
1574
1154
674
867
1044
1305
1194
582
460
637
1009
1241
1255
1518
1709
1666
1623
1498
1577
1273
842
884
1042
1542
2012
1972
1559
1210
1254
1222
995
600
86
54
205
274
492
506
655
888
1142
1245
1044
810
306
24
-104
-400
-427
-930
-1543
-1758
-1873
-2127
-2226
-2274
-2209
-1948
-1729
-1290
-696
-115
629
1193
1823
2249
2786
3460
3958
4207
4093
4230
4378
4277
4200
3978
3301
3073
4167
4914
4657
3660
2455
1542
1002
905
1430
2131
2818
3200
2983
2315
1476
741
-92
-949
-1568
-1337
-703
-171
-36
-317
-631
-860
-1194
-1895
-2488
-3116
-3107
-2939
-2880
-2760
-2790
-2631
-2619
-2664
-2888
-3074
-2844
-2714
-2759
-2822
-2931
-2928
-2860
-2834
-2831
-2894
-2682
-2165
-1744
-1417
-1093
-713
-397
-402
-357
-415
-383
-143
-118
11
256
559
871
1138
1334
1379
1486
1536
1414
1196
948
863
417
247
161
165
343
-23
-252
-297
-289
-140
117
271
309
371
206
-145
-346
-461
-494
-520
-684
-948
-986
-1126
-1095
-1030
-1057
-1012
-1050
-840
-609
-443
-273
-74
127
211
355
481
666
806
752
577
525
616
704
800
945
812
755
1027
999
749
856
801
656
803
812
968
1150
1172
911
918
1153
1249
1436
1438
1264
1243
1090
857
683
320
-106
-275
-549
-916
-1227
-1718
-1942
-1973
-2185
-2446
-2842
-3192
-3474
-4017
-4456
-4890
-5328
-5392
-5703
-5893
-6259
-6637
-6672
-6843
-6924
-7010
-7239
-7029
-6687
-6426
-6251
-5942
-5337
-4938
-4541
-3982
-3675
-3326
-2764
-2374
-1883
-1220
-525
141
717
1394
2130
2758
3060
3137
3743
4410
4770
5044
5506
6302
6867
7235
7278
7256
7329
7418
7696
7673
7495
7333
7067
6886
6555
6187
5958
5779
5304
4821
4355
3892
3625
3373
3144
2727
2320
2124
1869
1586
1373
1344
1094
649
52
-595
-944
-1602
-2205
-2610
-3010
-3047
-2931
-2827
-2378
-1908
-1553
-1148
-826
-610
-396
-194
-189
-306
-767
-1094
-1377
-1676
-1992
-2427
-2408
-2357
-2348
-2115
-2152
-2219
-2092
-2032
-2071
-2174
-2235
-2137
-2122
-2288
-2595
-2719
-2691
-2631
-2705
-3024
-3209
-3164
-3033
-2824
-2728
-2657
-2513
-2131
-1729
-1319
-707
-544
-389
-340
-676
-830
-808
-771
-809
-851
-707
-648
-578
-529
-693
-640
-696
-985
-1195
-1706
-2094
-2280
-2430
-2220
-1982
-1658
-1069
-431
72
381
766
1265
1587
1667
1545
1459
1374
1093
738
390
461
649
662
551
-149
-735
-506
-322
285
1017
1791
2693
3024
2835
2357
1886
1174
347
-577
-1511
-2031
-2073
-1979
-1996
-1457
-623
200
1041
1346
1151
909
656
796
1417
2094
2965
4392
5581
6099
5790
5230
4750
4256
3376
1987
563
-953
-2080
-2857
-3399
-3431
-3362
-3067
-2677
-2311
-2086
-2010
-2027
-2354
-3042
-3826
-4034
-3669
-2851
-1827
-667
302
1039
1625
1684
1559
1752
2391
3160
3597
3976
4328
3992
3130
1987
1180
760
300
137
205
283
328
48
-474
-1125
-1503
-1442
-969
-121
985
2621
4631
5939
5907
4374
2150
-464
-2480
-3807
-4363
-3396
-2101
-1324
-1120
-1286
-500
1277
3193
4506
4976
5350
6011
6922
7562
7274
5659
3089
451
-1835
-3577
-4658
-4669
-3916
-3050
-2016
-932
-156
263
751
1479
2058
2704
3382
4011
4698
4812
4070
2630
809
-898
-1664
-2071
-2814
-3800
-5435
-7116
-8213
-8930
-8779
-7489
-5901
-4246
-3084
-2134
-1157
-775
-529
-1099
-2350
-3050
-3088
-2346
-1006
-171
-272
-1096
-2296
-3107
-2738
-1649
-268
1363
2621
3631
4388
4594
4440
4017
2955
1544
493
-180
-232
88
42
-292
-1054
-2026
-2496
-2382
-1771
-268
1103
2003
2582
2315
1826
1159
540
293
344
190
-24
230
962
1585
1514
501
-904
-2155
-2330
-1613
-997
-360
236
747
1005
718
-301
-1127
-1316
-896
329
1445
1730
1627
1017
192
-661
-1392
-1548
-1118
-960
-1619
-733
1386
2645
2997
2093
958
793
753
332
-36
-204
416
1757
2939
3440
3077
2461
1857
1274
939
234
-462
-727
-741
-715
-771
-939
-641
-419
-158
358
751
1494
2080
2046
1251
219
-593
-1149
-1282
-1269
-945
-83
968
1772
2124
2386
2189
1555
1047
-146
-1350
-2016
-2348
-2312
-2018
-1697
-1632
-1523
-1094
-692
-442
31
182
68
-115
-321
-189
73
446
987
1568
2182
3000
3401
2838
1825
457
-620
-1000
-745
23
655
1301
1438
747
94
-526
-1303
-1873
-2409
-2734
-2476
-1855
-908
-116
360
1161
1716
1850
1733
1493
929
458
379
234
430
788
884
1036
1072
884
883
660
469
392
367
192
-97
-259
-437
-633
-596
-655
-747
-484
-220
380
1045
1403
1342
967
291
-1040
-2674
-4421
-5538
-5915
-5734
-5114
-4442
-3835
-3165
-2783
-2840
-3362
-3761
-4238
-4954
-5719
-6612
-6964
-6502
-5535
-4407
-3450
-2564
-1668
-1172
-770
-799
-1271
-1748
-2322
-2750
-2693
-2579
-2232
-1918
-2096
-2608
-3191
-3774
-4411
-4531
-4304
-4104
-3878
-3852
-3883
-3638
-3366
-2530
-1194
294
1276
1287
455
-976
-2281
-2669
-1326
2306
7189
12489
17845
21519
22675
21578
18595
14844
11436
8839
7444
6972
6801
6626
6188
5015
3372
1613
-447
-2614
-4457
-5755
-6585
-6353
-5571
-4687
-4168
-4135
-4057
-3639
-2603
-1671
-1019
-413
-331
-547
-838
-1181
-1220
-1015
-734
-17
976
2207
3494
4427
4940
4949
5024
5030
5253
5749
6326
6892
7762
8596
8950
8845
7990
7035
6052
4851
4056
2937
1733
934
-134
-1451
-2437
-2650
-2555
-2194
-1691
-1379
-1075
-919
-795
-1184
-2021
-2528
-2740
-2099
-484
1781
4088
5597
6147
5578
4348
2823
1203
-297
-1813
-2303
-1797
-755
-36
-567
-2054
-4627
-7580
-10051
-11636
-12249
-12656
-12762
-12423
-12128
-11960
-12251
-13050
-13615
-13813
-13680
-13004
-12376
-11697
-10929
-9925
-8428
-7212
-6579
-6771
-7128
-7019
-7060
-7160
-7505
-7695
-7395
-6451
-4733
-2622
-199
2356
4917
7354
8843
8988
7550
4930
2246
446
162
1181
2635
4442
6138
7715
8306
7268
5351
3138
1384
440
-468
-1017
-880
-81
566
72
-1133
-2588
-3418
-3755
-3332
-1586
1062
3791
6079
7775
8610
8445
8264
8425
7677
6278
5226
5149
6142
7038
7060
6144
4650
2711
-23
-2409
-3747
-4094
-2868
-754
1679
3736
4497
4551
3747
2957
2806
3225
4803
6583
7452
6989
5476
3276
1346
-259
-1405
-2018
-1692
-466
719
1188
1323
1724
2595
2567
1192
-170
-766
-222
1358
3336
4981
5900
5197
2876
-375
-3317
-5055
-5432
-5023
-4627
-3318
-1485
-181
389
-80
-1167
-1777
-1176
205
1608
2082
621
-2010
-4873
-6852
-7762
-7906
-6604
-4308
-2056
-12
1613
2135
1423
-697
-3459
-5328
-5251
-3497
-1436
291
1538
1542
367
-1827
-3543
-3513
-3400
-4006
-4958
-5673
-5236
-3701
-1758
557
2588
3653
3427
2860
2184
1280
-29
-1730
-2703
-2709
-1753
-887
-549
86
1266
2005
1085
-943
-2099
-1846
-818
-355
-1295
-2390
-2855
-1695
826
2609
2591
1962
2556
3712
3868
3340
2289
156
-1782
-2605
-2712
-2945
-3629
-4028
-3015
-659
1696
3209
3824
5127
6984
7381
6070
5096
5883
7178
7826
7600
6466
4032
557
-2229
-2911
-2492
-1775
-1016
-870
-1105
-310
-309
-1013
-363
485
1146
1215
192
-1186
-1743
-534
1180
1471
87
-1141
-1695
-1183
494
1536
2137
2461
2095
886
-1721
-5602
-9004
-10961
-11272
-10294
-8440
-6786
-5370
-3888
-3302
-3381
-2495
-114
2002
2497
2788
3612
4004
3373
1951
1295
2124
3107
3357
3388
3428
3597
4955
7012
7891
6680
4953
4985
6533
7026
5177
2184
-1089
-2879
-1409
1544
2751
2303
2566
3588
4430
3855
2057
1176
-363
-3731
-6491
-7457
-7146
-7753
-8251
-6900
-5588
-6195
-6668
-4330
-289
3070
4752
4292
2084
-1003
-3140
-3558
-3675
-3471
-1564
-313
-2223
-4051
-3001
-417
1832
3184
4527
6121
5973
3273
58
-1975
-3163
-4535
-5379
-6580
-8110
-7330
-3451
1079
4143
6904
9984
10403
8633
7620
6210
2106
-2716
-5430
-5620
-3351
318
2829
3047
1041
-1267
-1485
-1062
-2082
-3223
-2917
-3165
-4607
-4799
-1994
2574
5790
5867
3516
465
-1115
657
3448
3041
-572
-4222
-5320
-3969
-2657
-2897
-2743
-457
2594
4340
3385
-151
-4095
-5522
-5679
-7405
-8235
-4706
942
4237
5226
6329
7757
7646
6423
6333
5967
4648
3272
968
-2051
-5511
-8502
-9691
-9484
-8040
-4207
136
1213
86
502
1157
741
1289
1291
-1589
-5443
-6598
-4843
-2141
1509
5618
6380
3011
739
3578
7225
6251
3370
2642
3208
2060
-862
-3454
-4601
-4982
-4030
-101
4895
6536
3904
-72
-1993
-1853
-2499
-4546
-6598
-6814
-3852
200
2626
2198
-1237
-5149
-5373
-2102
1704
5004
7398
7950
7599
6413
3143
-73
902
5318
7949
6621
4405
3583
1940
-1902
-5210
-6985
-8557
-9522
-6820
-2819
-3442
-7475
-10781
-10694
-5346
1612
4002
810
-4105
-5676
-3183
195
1558
1436
2415
3399
1924
-32
1691
7567
12432
11538
7852
6909
8817
8722
4193
-3201
-11436
-16981
-17404
-12858
-6337
-2068
-969
-788
455
2113
1707
-596
-2187
-1758
395
3433
6001
5906
3464
1209
-924
-4001
-6201
-4879
616
6659
8949
5920
923
-405
1469
2550
2044
2030
3172
3282
679
-2297
-2847
-1959
-1679
-2263
-2538
-2179
-1003
759
1425
204
-2190
-4374
-6462
-8892
-10851
-11818
-10916
-8479
-5778
-3283
-1074
1540
4158
5655
5903
5078
4195
4034
4542
5076
5821
7553
9664
10478
9245
6932
5584
5203
4655
4376
4369
4037
2544
295
-1353
-2193
-2563
-2390
-987
1120
3426
6401
9293
10656
10356
9285
8356
6432
4109
3033
1999
546
-940
-2797
-4326
-4747
-4197
-4445
-6095
-7272
-7511
-8047
-9603
-10826
-10260
-9076
-8886
-9688
-10295
-9820
-8622
-7603
-7157
-7486
-7907
-7558
-6164
-3678
-1348
748
3774
6478
6764
4871
2378
-104
-1644
-1382
-131
808
1452
1742
1809
2332
3355
3473
2302
654
-379
332
1700
2535
3175
3681
4376
5227
5731
6098
6155
5284
3929
2154
-620
-3469
-5057
-5752
-5361
-3815
-2357
-1084
904
3163
4074
3010
1097
-1574
-4775
-7034
-7261
-6199
-5413
-4227
-2180
-1011
-1031
-559
1423
3797
5301
5592
5034
4675
5198
5943
5460
3122
1045
796
2050
3722
4425
3400
760
-1362
-1448
-153
1943
3341
3160
2034
571
-839
-3093
-5351
-5403
-4001
-2853
-2392
-2634
-2734
-2346
-710
2369
6010
8762
8722
6550
2775
-1636
-5112
-8849
-12264
-13063
-9600
-2722
4227
8517
9237
7596
4886
1256
-2724
-6006
-6788
-4509
-1817
-404
-246
-1036
-1651
-1374
-341
-298
-2234
-4265
-4417
-3478
-2995
-2779
-1807
461
3350
4834
3977
2810
2774
3640
4728
5027
4226
2784
1047
-1365
-3968
-5573
-5620
-3893
-1898
-1085
-1704
-2218
-1155
-279
-1274
-3265
-4573
-5048
-5291
-5221
-4115
-2478
-1379
-410
110
724
2595
5086
6481
6539
5652
3625
1424
-502
-2078
-3560
-4729
-4772
-3457
-1169
1265
3558
4395
3667
1722
-1178
-3736
-4605
-4065
-3341
-2065
-418
803
998
623
903
1802
2950
2877
1199
-394
-565
769
3131
5840
7451
7375
5697
3438
2702
3696
5471
7123
8118
8450
7907
7323
7692
8993
11163
13535
16435
19625
20750
17602
9974
-565
-11152
-19993
-26136
-29984
-32678
-32765
-32768
-32766
-32760
-32618
-31207
-27125
-21555
-16550
-12662
-10339
-9146
-7026
-3031
1344
5214
8666
12043
15472
18114
19823
21214
22273
22717
22763
22197
20737
18679
15878
12926
10503
8221
5775
3896
3212
3257
3163
3086
3405
3825
4699
5598
5785
5553
4326
2137
-528
-3880
-7318
-9675
-10464
-10077
-8342
-5514
-2923
-916
381
843
881
118
-1467
-3503
-5120
-5676
-5697
-5237
-4247
-3128
-1941
-1033
-605
103
1107
1818
2322
2167
606
-458
-112
511
1424
1667
1195
795
80
-770
-1613
-2623
-3592
-4319
-4411
-3804
-2904
-2000
-1163
-255
488
642
325
-244
-851
-1712
-2460
-2857
-2834
-2562
-1881
-881
-280
-703
-2111
-3850
-5335
-5936
-5749
-5125
-3827
-1837
177
2200
3742
4339
4558
4216
3499
2433
1132
133
-221
-32
640
1741
3225
4807
6229
7693
8612
9328
9256
7772
5764
3410
1047
-1120
-2690
-3431
-3410
-2948
-2796
-2730
-2621
-2631
-2610
-2443
-2082
-1741
-783
652
2101
3295
4142
4642
4078
2682
1283
687
1301
2588
3390
3723
4362
4703
4921
5262
5273
4909
4296
3649
3943
4781
5533
6458
7324
6885
5635
3799
2163
2229
2808
2617
2123
1499
1408
2058
2816
3032
2579
1376
-373
-2056
-3050
-3182
-2646
-1507
-684
-568
-1635
-3004
-3809
-4439
-4681
-4757
-4604
-4111
-3499
-2487
-1722
-806
-284
-517
-1031
-1453
-1831
-1905
-1903
-2126
-2167
-1955
-1684
-1126
-374
109
73
-117
-170
-128
-142
-335
-673
-1483
-1683
-1643
-1747
-1228
-332
426
853
850
125
-946
-1416
-1665
-1712
-1691
-2096
-2379
-2454
-2257
-1795
-1194
-494
-94
195
626
779
432
-600
-1134
-1128
-1825
-2434
-2970
-3075
-2445
-1578
-716
-86
402
481
210
176
371
60
-379
-846
-1226
-1558
-1679
-1539
-1383
-1219
-830
-296
314
614
597
601
445
388
284
-40
-339
-525
-632
-521
-270
243
940
1363
1633
1769
1189
349
-277
-769
-917
-871
-570
-241
-202
-192
-246
-326
-306
-115
274
262
-52
-195
-167
-151
-312
-754
-775
-405
103
478
743
759
293
353
537
751
1068
1225
1181
702
392
91
-243
-567
-1073
-1346
-1465
-1594
-1600
-1637
-1713
-1956
-2335
-2977
-3494
-4223
-5148
-5786
-6534
-6967
-7096
-6916
-6694
-6345
-5834
-5614
-5467
-5148
-4844
-4771
-4417
-4302
-4320
-4183
-3785
-2888
-1974
-1223
-731
-400
-12
644
985
1394
2118
2951
4274
5495
6512
7099
7154
7046
7107
6857
6437
6279
6492
6807
6948
7080
7527
8329
8953
9229
9109
8815
8443
8055
7624
6784
5293
4043
2877
1820
1261
855
706
826
970
1124
1279
1224
1222
1286
1078
678
312
-83
-390
-658
-1201
-1740
-2318
-2986
-3345
-3251
-3286
-3472
-3280
-3233
-3344
-3311
-3231
-2869
-2260
-2302
-2513
-2225
-2624
-3046
-3169
-3591
-3874
-3933
-3964
-3835
-3932
-3782
-3201
-2854
-2771
-2732
-2847
-3090
-2995
-3069
-3312
-3365
-3271
-3296
-3140
-2890
-3052
-2867
-2436
-2006
-1539
-1302
-959
-381
-38
201
446
226
-4
5
-67
48
267
32
-205
-215
-461
-665
-646
-479
-62
242
728
915
911
1401
1521
1495
1707
1473
1392
1347
1240
1536
1834
1966
1868
1666
1611
1425
1581
1658
2049
2756
3192
3759
3818
3645
3712
3520
3266
2860
2359
1807
1398
1150
813
494
188
42
278
461
770
1008
1109
1702
1972
1811
1650
1214
448
-409
-940
-1289
-1616
-1519
-1277
-1266
-584
-78
208
534
460
164
-556
-1148
-1424
-1693
-1777
-1677
-1621
-2139
-2795
-3519
-4266
-4596
-4990
-5130
-5289
-5383
-5563
-6079
-6310
-6251
-5610
-4248
-2651
-1016
541
1671
2319
2318
1937
1351
723
347
137
552
1157
1955
2738
2909
2833
2701
1906
1248
884
48
-498
-1081
-1471
-1205
-518
674
1959
2808
3068
3150
3102
3022
2847
2610
2384
2290
1909
1544
1223
775
-45
-596
-230
-267
-892
-1959
-2397
-1254
290
1246
1123
499
477
1248
2262
2948
3798
4725
5679
6819
7863
8800
9324
9465
9135
8507
7906
7075
6094
5382
4969
5165
5941
6152
5682
4440
2886
1511
566
307
348
692
902
644
-135
-1015
-1755
-2102
-2907
-3887
-4782
-5595
-5655
-5502
-5333
-5011
-4893
-4751
-4155
-3237
-2769
-3301
-4727
-6580
-8168
-9470
-10315
-10581
-10620
-10223
-9578
-8739
-8532
-8290
-7910
-7587
-6809
-5931
-5054
-4028
-3241
-2924
-2969
-3274
-3479
-3772
-3982
-3685
-3133
-1905
-520
634
1549
2321
3009
3335
3286
3209
2915
2297
1316
1
-682
-713
-365
253
1156
1663
1918
2208
2311
2408
2520
2463
2439
2279
2199
2302
1804
1111
552
170
195
277
259
193
235
417
608
760
991
1357
1657
1997
2274
2387
2759
2893
2664
2150
1544
1272
1188
907
456
33
-496
-615
-596
-635
-353
-18
392
1023
1407
1439
1555
1549
1799
2083
2003
1680
1594
1460
1417
1420
1113
928
771
912
1135
1224
1236
995
677
579
565
570
739
936
994
1122
1201
1334
1150
767
815
1062
1094
963
872
829
776
828
708
455
86
22
301
295
341
297
361
557
639
749
589
331
178
-51
-49
-24
-82
136
553
878
1218
1670
1785
1989
2225
2271
2781
3112
3276
3562
3742
3678
3669
3743
3720
3491
3156
2759
2354
1968
1564
1006
386
-136
-534
-710
-745
-752
-638
-765
-1248
-1574
-1815
-2045
-2033
-2236
-2651
-3127
-3796
-4434
-4924
-5225
-5419
-5341
-5212
-4922
-4520
-4279
-4034
-3800
-3617
-3405
-3309
-3074
-2833
-2740
-2429
-2397
-2607
-2483
-2353
-2200
-1664
-1449
-1474
-1428
-1437
-1470
-1556
-1898
-2087
-1983
-2044
-2038
-2554
-3277
-3870
-4309
-4777
-5333
-5551
-5901
-6174
-6411
-6593
-6817
-6573
-5953
-5562
-5096
-5022
-4580
-3473
-2298
-940
388
1302
2283
3447
4429
5759
7141
8504
9869
10635
10814
10994
11293
11428
11322
11114
10614
9849
9181
8290
7288
6179
5022
3899
2678
1555
498
-267
-1004
-1860
-2163
-2245
-2101
-1468
-955
-647
-334
135
783
1233
1847
2639
3412
4240
4558
5068
5999
6449
6896
7199
7140
6940
6865
6679
6463
6481
6179
5964
5892
5661
5484
5196
4617
3956
3009
1922
1353
534
-45
-437
-1014
-1423
-1804
-2401
-3124
-3706
-4129
-4465
-4895
-5432
-5810
-5975
-6318
-6320
-6475
-6610
-6490
-6871
-7177
-7143
-6908
-6213
-5668
-5221
-4791
-4669
-4294
-3983
-3671
-3618
-3626
-3047
-2587
-1836
-831
-89
913
1803
2088
2358
2131
1631
1494
1151
441
-164
-1060
-2273
-3023
-3612
-3805
-3670
-3689
-3680
-3661
-3629
-3709
-4071
-4212
-4030
-3861
-3346
-3112
-3042
-3057
-3076
-2604
-2590
-2991
-3563
-3882
-4187
-4418
-4308
-3822
-3018
-2200
-1964
-2289
-2549
-2836
-3309
-3831
-3809
-3214
-2204
-1526
-1198
-457
-30
271
493
-161
-756
-840
-874
-1157
-1882
-2117
-1872
-1466
-164
1310
2234
2339
1601
846
254
-74
375
1232
1785
1967
1891
1645
1827
2921
3645
4100
4199
3990
4232
4158
3379
2304
1239
1046
1722
2273
3243
5050
6110
5560
4286
2946
1411
122
-311
-242
-383
-342
-134
519
1331
1357
1311
1523
1657
1633
1443
1407
916
-678
-2047
-2033
-1368
-782
-95
705
1411
1849
2116
2521
2914
2979
2592
2340
2227
1884
867
-347
-1204
-672
1363
3393
4893
5526
5205
3824
1616
-877
-3358
-4832
-4820
-4476
-4463
-4292
-4212
-4969
-6059
-6410
-6015
-5036
-3627
-2392
-1195
86
1080
2199
3331
4158
4882
5625
6056
5552
3816
1728
221
-895
-1594
-1360
-188
1798
3766
5284
6686
7225
6331
4480
2570
1137
700
970
954
354
-889
-2977
-4882
-5733
-4923
-2249
811
2475
2520
1749
1049
1152
1324
1128
265
-1159
-3001
-5289
-6823
-7306
-6855
-5480
-3883
-1838
163
1693
2895
3200
2539
1437
226
-426
110
1284
2651
4835
7674
8756
7144
4339
2056
1308
1214
771
-336
-2110
-3648
-4486
-5528
-6292
-4723
-1813
-419
-406
-1260
-2555
-3740
-3746
-2496
-1759
-2594
-3735
-3794
-2565
-1415
-2114
-3084
-2376
-632
714
1393
1912
2292
2440
2358
2699
4312
5840
5461
3010
152
-1866
-2983
-3064
-2939
-3379
-5039
-7245
-8046
-7365
-6051
-3884
-1120
957
2459
2898
1078
-1381
-2520
-2445
-1688
-1618
-1979
-365
2655
4926
6314
7920
9664
9616
7493
4685
2073
1203
2181
2890
2026
2123
4422
6354
6425
5259
4039
3801
4716
5546
4411
1707
-340
-822
-375
-1171
-4584
-8458
-9883
-8557
-7421
-8027
-8261
-6726
-5047
-5015
-4785
-2878
-1288
-1534
-2023
-367
1490
840
-1432
-2774
-2137
627
4349
7234
8780
8843
7669
5053
2593
1228
709
2044
4722
6423
5870
3774
2519
2554
2208
437
-1680
-2508
-1655
-517
-637
-1179
-585
322
410
268
-245
-1022
-1583
-1887
-2481
-3043
-3931
-5114
-5128
-3440
-1863
-1566
-1920
-2011
-849
2334
5710
6929
6091
3497
-227
-2131
-1236
523
431
-2300
-4482
-5898
-7027
-6351
-3347
-168
674
-154
-869
-1242
-1484
-1179
3
631
288
-489
-1619
-2444
-1773
854
4033
5871
7085
7382
5835
4643
4679
4275
2205
-366
-2358
-3548
-3055
-1884
-2231
-4095
-5529
-4640
-1637
1518
2932
2931
2340
147
-2796
-4334
-3900
-2111
21
1888
2383
452
-2948
-5675
-5087
-1959
767
3466
6222
7812
7681
6410
5525
4208
1920
-185
-1668
-347
2639
3162
1291
208
807
208
-3656
-8670
-10868
-8240
-1748
4752
6932
3686
-1169
-4097
-5637
-6619
-6627
-4616
-2015
-1798
-3515
-4562
-3507
-1663
-439
164
-392
-1267
-842
184
510
655
-90
-1497
-164
4029
7903
8933
6408
2195
-1520
-3801
-4376
-4096
-4185
-4274
-3577
-2263
-127
2387
3291
2506
2386
3582
4801
6285
7723
7230
4184
219
-2745
-4161
-3771
-1636
783
1613
-14
-2635
-3889
-4371
-3536
-165
2170
1150
-1538
-4089
-5330
-4810
-3191
-194
4147
7603
9514
9766
7567
4208
777
-2424
-4866
-5812
-5256
-4735
-5124
-5530
-4181
-350
3442
4269
3334
1749
-946
-4494
-7605
-9157
-8067
-4166
-590
926
1973
2750
3450
3657
2972
1958
996
-548
-3367
-5675
-6273
-5676
-4633
-2681
-725
635
1788
3217
4761
4704
4257
4778
5642
6028
5354
4284
3877
3022
974
502
1281
2250
4195
6237
7674
9006
9195
8540
8083
7977
8199
7631
5114
806
-3315
-6116
-7515
-8305
-7993
-5824
-2907
-770
926
758
-975
-1936
-1461
-685
-921
-2131
-3153
-3456
-3129
-1706
184
1155
899
-117
-1983
-2286
-1014
-1182
-2013
-2872
-3304
-2150
-894
-419
-365
-219
-9
-141
-902
-2455
-3724
-3657
-3480
-4125
-5520
-7713
-8850
-8285
-7407
-5266
-3146
-2060
-769
-449
-1133
-1113
353
2347
3511
3390
2873
1817
259
263
1880
3235
3642
3537
3694
4363
5304
6102
6946
8271
10171
11617
11119
8179
3839
-16
-2070
-3501
-5029
-5882
-6233
-6417
-6435
-6380
-5764
-4265
-2966
-2483
-2502
-1863
-935
-1400
-3277
-5979
-8487
-9230
-7630
-4543
-863
2713
6383
9383
11000
11128
8644
5428
4101
3932
3057
1409
238
-21
94
35
254
944
2078
3261
3787
3798
3349
3090
4245
5813
6445
6097
5456
4523
1924
-1508
-5093
-8168
-9500
-9505
-8247
-6512
-4654
-1376
858
2025
3905
5058
4331
1526
-2712
-6567
-9072
-9491
-8108
-6048
-3384
-1327
-381
-868
-1777
-2824
-4128
-4190
-3303
-2348
-1874
-1790
-995
45
877
1549
1914
1609
1132
1141
2005
3749
5501
5853
5127
4174
3776
4671
6178
7097
7160
6180
4671
2163
-1015
-4137
-7335
-9339
-9172
-7453
-4293
343
3397
3611
2135
5
-1130
-1341
-1728
-2394
-3791
-5115
-6124
-6699
-6950
-8101
-8971
-8058
-6055
-4083
-2345
-1097
40
1458
2336
2108
868
-592
-1526
-2174
-2258
-868
1532
3538
5014
5762
5528
5524
4897
3456
2471
1488
134
-781
-326
912
1605
1772
1746
1797
1937
2296
2248
865
-636
-550
849
2673
5045
7425
9020
10567
12424
13768
13845
12473
10252
8256
7881
9458
12657
18480
24697
28628
28173
20208
4997
-12651
-26451
-32768
-32704
-32768
-32762
-32768
-32763
-32684
-31531
-27818
-24132
-22259
-19755
-16839
-13851
-11354
-9630
-8066
-5888
-2191
3223
9327
14662
18188
20430
21584
22987
24636
25366
24901
23105
19905
16179
13154
10414
7858
5325
2677
852
8
-143
532
1420
1657
1797
1710
1214
1003
474
-707
-2099
-2968
-3269
-3123
-2766
-2369
-1497
-629
-117
149
-326
-1337
-2459
-3326
-3878
-4045
-3451
-2995
-2738
-2610
-2922
-2977
-2884
-2401
-1554
-920
-733
-641
-954
-1412
-1835
-1978
-1925
-2048
-2137
-2283
-2403
-2477
-2172
-2124
-2009
-1466
-1216
-546
-44
-288
59
310
574
583
219
424
398
425
275
-25
-462
-574
17
734
1228
1237
1051
1356
1987
2235
2332
2148
1800
1964
2175
2150
1983
1782
2049
2383
2575
2916
2997
3172
3409
3495
3469
3430
3515
3789
4228
4353
4162
3779
3454
3431
3258
2779
2432
2416
2308
2542
2713
2794
2987
2555
2756
2998
2609
2369
1895
1181
280
-502
-1337
-2374
-3010
-3472
-3843
-4327
-4598
-4655
-4638
-4371
-4179
-3824
-3383
-2796
-1977
-1001
-421
99
433
579
827
1140
1546
2132
2584
2304
2303
2833
3564
4799
6005
6413
6008
5679
4979
4098
3555
3120
2919
3172
3521
4009
4326
3976
3295
2732
2081
1273
455
-115
-736
-1538
-2043
-2496
-2677
-2746
-2803
-2802
-3041
-2939
-3399
-4213
-4941
-5707
-6010
-6428
-6550
-6423
-6017
-5270
-4533
-3897
-3169
-2283
-1462
-1074
-812
-531
-590
-525
-714
-1229
-1338
-1407
-1532
-1471
-1587
-1497
-1175
-844
-597
-380
-39
536
1360
1670
1438
1322
1189
1159
1250
813
296
395
359
-101
-184
-78
-416
-351
-267
-205
-3
-32
14
239
161
-390
-1147
-1610
-1744
-1834
-1810
-1825
-1806
-1690
-1645
-1478
-1103
-898
-989
-669
-414
-516
-652
-937
-1023
-1005
-857
-712
-567
-610
-515
-297
-223
-270
-161
53
123
332
270
-32
-349
-660
-622
-525
-528
-552
-604
-316
-217
-152
77
254
292
119
260
353
221
411
401
96
-198
-758
-1227
-1757
-2282
-2633
-2975
-3123
-3613
-3889
-4328
-4818
-5254
-5728
-6088
-6772
-7368
-7731
-8271
-8670
-8886
-9184
-9016
-8781
-8369
-7726
-7223
-6806
-6726
-6604
-6229
-5876
-5265
-4662
-4211
-3443
-2362
-992
439
1715
3000
4232
5256
6258
7450
8162
8745
9355
9820
10364
11010
11745
12382
12902
13165
12959
12729
12569
12102
11802
11463
11062
11002
10894
11076
11014
10757
10605
10091
9132
8044
7051
6222
5303
4463
3486
2330
1852
1712
1807
1873
1906
1997
2043
2007
1553
831
88
-603
-1282
-2301
-3267
-4209
-5279
-5894
-6620
-7310
-7528
-7446
-7237
-7088
-6865
-6498
-6291
-6266
-6131
-6020
-6151
-6608
-6907
-6989
-6937
-6896
-6916
-6774
-6353
-5534
-4658
-4052
-3867
-3887
-3812
-3422
-3065
-2979
-2643
-2371
-2411
-2453
-2124
-1453
-390
451
940
1016
747
631
821
960
1108
1276
1275
1016
131
-631
-1159
-1629
-1836
-2154
-2248
-1918
-1710
-1626
-1556
-1742
-1930
-2139
-2296
-2238
-1824
-1342
-989
-554
-447
-440
-798
-1246
-1271
-863
-236
256
777
982
1129
1671
2503
3415
4231
4763
5237
5818
6090
6182
6292
6202
5751
4806
3882
3348
3246
3591
3778
3842
3574
3041
2289
1228
-10
-935
-960
-281
654
1288
1611
1415
933
-84
-1882
-3687
-5466
-6814
-7367
-7106
-6648
-5953
-5164
-4697
-4492
-4837
-5066
-4800
-3836
-2185
-360
1132
2286
3102
3493
3532
3258
2942
2977
3269
3277
2872
2071
1269
700
528
687
1319
2357
3441
4631
5081
4613
3972
2916
1746
1180
1357
2028
2499
2211
985
-749
-2449
-3548
-4250
-4716
-4718
-4575
-4260
-3581
-2231
-1008
-409
-608
-1189
-1538
-1127
-200
409
740
624
-322
-1742
-2197
-1527
-112
1735
2863
3036
2938
3585
3728
3308
3388
3066
2577
2521
2991
3628
3706
3134
2395
2088
2656
4131
5610
6715
7401
7761
7734
7583
7324
6919
5707
3751
1386
-1511
-4125
-5797
-7017
-7453
-6921
-6053
-4918
-3900
-2776
-1094
51
304
-198
-1335
-2068
-2890
-4432
-6158
-7920
-8761
-8799
-8384
-8424
-9071
-9268
-8599
-6911
-4551
-2224
-399
961
1404
1281
1189
1121
775
113
-662
-1435
-1411
-1136
-1191
-1666
-2494
-2968
-2282
-1079
39
1285
2063
2291
2462
1856
791
-33
-162
1089
2778
4397
5327
4937
4311
3296
2295
1408
13
-971
-1592
-1990
-1858
-1701
-974
150
802
1250
1255
946
717
568
863
1271
1675
2535
3075
3448
3539
2894
1949
902
175
-300
-382
-358
-460
-578
-525
-394
-122
130
191
21
-399
-505
-120
452
968
1366
1622
1537
1328
1370
1381
1578
1771
1446
937
1
-949
-1745
-2292
-2487
-2250
-1653
-872
-180
353
1025
1499
1415
1273
1228
1260
1621
2136
2562
2578
2165
1532
800
194
-82
36
106
283
411
416
224
-61
-411
-838
-1304
-1779
-1919
-1723
-1492
-1424
-2431
-4028
-3555
-424
4248
7774
8207
6914
4643
1061
-3424
-6884
-6893
-4291
-1740
-56
1166
2428
2970
1919
-137
-1954
-2564
-1954
-625
1063
2585
3801
4546
4590
3583
1806
84
-1043
-1639
-1421
-940
-711
-249
-53
-281
-705
-1325
-2037
-2547
-2978
-3340
-3136
-3186
-3278
-2934
-2695
-2263
-2073
-2280
-2360
-2584
-3006
-3507
-4023
-4133
-4012
-3513
-2794
-2238
-1532
-901
-752
-824
-1140
-1409
-1585
-1836
-1912
-1829
-1601
-1362
-1161
-1077
-1171
-1202
-1434
-1766
-1619
-1546
-1699
-1746
-2039
-2608
-2554
-2016
-1673
-1381
-1324
-1747
-2452
-3141
-3878
-4706
-5402
-6035
-6481
-6885
-7248
-6788
-4825
-1770
1299
2727
2072
232
-1872
-2504
-1117
1898
6716
12648
19053
24189
26842
27754
26662
23681
19510
14927
10703
7641
5883
4881
4114
3304
2264
1177
0
-1387
-2238
-2684
-2978
-2840
-2584
-2474
-2210
-1885
-1963
-2354
-3276
-4232
-4468
-4408
-4351
-3824
-3418
-3127
-2885
-3089
-3196
-3133
-3117
-2829
-2092
-1255
-360
638
1521
2642
3551
4330
5015
5521
5963
6317
6602
6583
6169
5832
5270
4233
3046
1458
108
-956
-1606
-1684
-1739
-1382
-601
420
1650
2512
3080
3705
4072
4102
3963
3427
3319
3496
3569
3341
3009
2442
1541
613
-683
-2014
-2747
-4039
-5471
-6644
-7878
-8506
-8768
-8841
-8877
-9038
-9577
-10549
-11330
-11822
-12203
-12169
-12308
-12245
-11922
-11760
-11540
-11429
-11299
-11098
-10565
-9821
-8953
-8007
-7215
-6757
-6715
-6912
-7079
-7022
-6682
-6370
-5526
-4226
-3113
-2302
-2071
-1842
-1191
-166
1269
2383
3051
3019
2448
2079
1927
1831
2185
3112
3968
4971
6082
6750
7022
7009
6792
6619
6286
6362
6506
5678
4387
3426
3139
2869
2658
2597
2783
2996
3038
2439
1710
1567
1612
2272
2575
2211
1347
488
602
1758
3278
4052
3990
3677
3518
3505
3924
4776
5727
6302
5908
6007
6680
7514
8511
8183
6471
4049
2517
3051
4287
4950
5016
4289
2676
913
-35
-890
-1866
-2113
-1834
-1260
-498
-201
-761
-2008
-3052
-3594
-3567
-2682
-1653
-1132
-1166
-1054
-364
216
1122
2651
3965
4562
3841
2061
-384
-1955
-2128
-2660
-3639
-4993
-6374
-6990
-6842
-6076
-4669
-2889
-1528
-461
414
1013
1681
1644
409
-1352
-2308
-2415
-2254
-1983
-1024
854
2204
1864
333
-1123
-2437
-3774
-4473
-4380
-3799
-3640
-3947
-4307
-5057
-5046
-4237
-4100
-3927
-3207
-1785
-356
274
715
1802
3480
4827
4873
3251
602
-1960
-3617
-3617
-1883
791
2943
3101
1924
855
302
-146
-1132
-1009
377
1892
2909
2325
398
-1086
-1054
-428
-414
-44
584
657
-197
-1638
-2216
-1961
-2005
-2677
-3446
-2674
-831
620
1458
1504
623
-530
-1310
-1943
-1702
-214
392
-2
731
2629
3728
2599
516
-994
-1770
-1723
-526
1743
4154
6283
8244
8854
7656
5278
1625
-1881
-4285
-5126
-3139
-774
-279
505
1429
1509
1193
796
1276
2216
4071
6117
6800
6700
5282
1995
-1571
-2742
-1741
-1807
-3632
-5306
-5184
-3098
-1055
479
1845
3330
4786
4634
937
-4521
-7479
-6816
-4431
-1286
1426
2704
3424
3370
3341
3723
3275
2684
1857
409
-1076
-2340
-3061
-2846
-2844
-3422
-3231
-2448
-2498
-2602
-781
1712
2807
2374
1740
2692
4667
5226
5024
6405
7210
4202
539
-727
-1956
-3521
-4403
-4182
-2747
-1579
-1526
-885
885
1430
-443
-2533
-1978
1065
4037
5241
3597
780
-82
1831
4624
4567
1643
-1889
-4790
-5731
-5188
-4990
-4559
-3808
-4071
-4380
-3015
-1542
-671
877
1374
-472
-2556
-2534
-562
818
-314
-2882
-4241
-3548
-1874
1036
4035
4596
3689
3301
4401
6159
6045
3758
1111
-877
-2432
-3497
-3563
-1741
750
1181
412
277
-364
-1542
-1954
-2047
-704
2172
3488
2405
1042
-402
-1299
-1176
-1592
-2089
-1570
-233
1393
2493
3006
2468
-41
-4132
-7470
-7775
-6164
-4800
-4235
-4612
-5814
-6638
-5513
-2191
1976
4521
3393
641
321
2839
5560
5431
3001
2352
3700
3330
1913
1714
1286
286
370
2326
3649
2283
1279
1709
1574
1508
3720
6539
7028
7042
7562
5954
2886
490
-1659
-2805
-3275
-4660
-3964
-397
1688
232
-2734
-4480
-3715
-2840
-4689
-7608
-7742
-4809
-2162
-168
2700
5292
4195
-1236
-4817
-708
6032
7617
4211
-1500
-7500
-9217
-6599
-3227
-394
-406
-2469
-4278
-5885
-5629
-2393
-214
-415
271
3257
6871
6765
2693
1679
4679
5964
4969
4303
5718
8985
11441
11057
7227
1749
-1650
-2973
-3792
-2647
409
1852
-431
-5408
-10953
-13483
-11000
-7965
-8984
-10480
-6397
803
4367
2802
-282
-1559
-1925
-4106
-6714
-6588
-4638
-564
5633
10214
11846
10039
6208
4118
4424
5606
5578
3318
1119
46
-657
-1368
-1849
-2222
-2458
-2693
-3052
-1840
-415
-1192
-3390
-5371
-5757
-4342
-2280
275
3196
5385
6059
4361
1589
-48
-1564
-3487
-4012
-1573
3173
7501
9164
8061
5985
4648
3565
1085
-1415
-1490
-1912
-4138
-6244
-6058
-2956
1730
5622
4799
-747
-6797
-11134
-13457
-13456
-12649
-12074
-9986
-6301
-2217
365
1344
3212
6210
6835
4030
1076
-344
147
2628
5042
6744
8171
8877
8016
5070
1319
-1713
-3560
-4328
-4144
-3309
-1878
-319
922
1274
-161
-1363
-216
1956
2657
1719
312
-582
-355
371
347
-766
-2548
-4186
-5003
-4215
-2371
-820
-34
812
2573
4127
4796
5648
6490
7044
6675
5499
4682
3875
3096
2198
1601
1873
2452
2734
2350
1377
999
1214
918
113
-1241
-2352
-2420
-2098
-2363
-2571
-2863
-4214
-6379
-8008
-7605
-6055
-5216
-5334
-6089
-6617
-5687
-3542
-688
2187
4331
5904
6252
5254
3704
2346
1615
1072
994
1741
2439
2451
1452
266
-1239
-3486
-5933
-8350
-9627
-9461
-8518
-7081
-5056
-2227
86
927
670
478
1552
3135
4096
3610
2106
788
446
1341
3053
4187
3017
429
-2302
-4664
-6010
-6536
-6248
-5123
-2566
793
3781
5674
6282
6223
5758
4271
1598
-458
-675
211
760
338
-454
-992
-1530
-2534
-3134
-2892
-2501
-2557
-2598
-2652
-1781
870
3651
4345
3013
1145
-275
643
3445
5666
6362
5878
5349
5690
5797
4264
772
-3007
-5079
-4980
-3423
-1547
-330
15
160
481
1647
3041
2942
1429
485
911
1125
-179
-2587
-3671
-3062
-2064
-1270
-1607
-3311
-4554
-4406
-2413
722
3266
4324
3541
1581
-371
-1658
-971
1663
4101
4626
2744
98
-390
1274
2453
2811
3280
3130
2096
1162
1194
1437
-353
-3177
-5064
-5747
-5247
-4095
-2958
-2469
-2641
-2285
-1764
-1973
-2643
-3111
-2077
173
2031
2151
1044
494
406
603
1323
2131
3269
4166
3896
2541
1172
-160
-1409
-1276
-412
-492
-853
-443
85
-196
-251
1200
3468
5131
5784
6157
6447
6317
6187
6413
6657
6861
7689
10104
13977
18106
20285
18313
11546
1266
-11049
-23865
-32768
-32635
-32768
-32676
-31512
-28269
-25780
-25487
-24441
-23025
-21318
-18577
-15302
-11588
-8113
-5259
-2476
357
3469
7283
11092
14536
17115
19206
21007
21779
21978
21382
20129
19271
18091
16388
14082
11420
9374
7900
6512
5540
5254
5446
5473
5132
4533
3579
2656
1521
706
385
-115
-868
-1569
-1899
-1729
-1135
-119
897
1450
1464
812
-175
-769
-936
-1443
-2497
-3350
-3996
-4420
-4846
-5386
-5513
-5404
-5183
-4537
-3817
-3295
-2748
-2550
-2508
-2304
-2060
-1860
-2033
-2355
-2128
-1907
-1590
-1083
-972
-1149
-1341
-1149
-404
205
573
1104
1878
2702
3254
3259
3260
3460
3867
4067
3513
2993
2597
2379
2409
2319
2113
1492
948
604
205
-282
-203
1505
3518
3937
3116
1711
687
241
-343
-1120
-1921
-2174
-1980
-1624
-1148
-1041
-994
-882
-1103
-1185
-1393
-1796
-1886
-1725
-1560
-1461
-1105
-585
-231
142
284
342
975
2005
2614
2825
2701
2599
3349
4281
4231
3464
2369
648
-191
1603
3881
4520
3782
2473
1898
2351
2504
2241
1967
1244
1058
1589
1996
2181
1774
871
-123
-1426
-2638
-3254
-3221
-2656
-1410
171
1160
1587
1259
105
-1162
-2297
-3160
-3630
-3834
-3626
-3228
-2488
-1800
-1289
-653
-319
-211
-347
-866
-1138
-1335
-1505
-1721
-2174
-2175
-1730
-1480
-1323
-1342
-1237
-1148
-1077
-753
-441
-88
211
169
-83
-109
116
360
769
979
803
884
806
589
304
123
151
259
343
174
135
25
-73
-202
-543
-481
-348
-564
-693
-810
-955
-935
-851
-767
-912
-1016
-973
-959
-982
-962
-788
-711
-490
-336
-420
-241
-228
-523
-308
-329
-312
-101
-18
15
-99
-160
-205
-186
-247
-464
-554
-493
-681
-753
-909
-808
-320
-42
320
445
525
897
1087
1139
1175
945
789
628
443
461
536
423
99
-82
-279
-44
222
224
586
865
897
1338
1506
1409
1623
1749
1856
1781
1560
1206
990
948
754
816
690
265
158
381
474
469
484
545
442
-175
-1181
-1571
-1731
-2255
-2706
-3414
-3894
-4113
-4399
-4531
-4736
-4835
-5067
-5475
-5830
-6209
-6415
-6460
-6456
-6499
-6283
-6002
-5764
-5519
-5275
-4589
-3947
-3520
-2899
-2338
-1873
-1399
-833
-510
-145
446
644
1084
1919
2692
3478
4182
4533
4821
5279
5365
5447
5848
5792
5622
5393
4750
3600
1646
1608
5262
10997
15719
15892
12607
9057
5551
638
-4744
-6649
-3312
2037
5614
6234
6740
8021
7779
4894
682
-1788
-2012
-1448
-833
-119
1283
2682
2929
2191
1333
515
-673
-2203
-2808
-2173
-1023
-205
312
1181
2044
2434
1879
750
-56
-742
-1296
-1908
-2269
-1566
-634
251
686
623
823
502
-284
-1075
-1944
-2667
-3115
-3627
-3632
-3316
-3332
-3466
-4138
-5027
-5048
-4488
-3871
-2877
-1658
-683
15
92
-466
-1507
-2689
-3441
-3663
-3656
-3105
-1962
-244
1394
2467
2882
2165
381
-1819
-3850
-5021
-5159
-4699
-3845
-2558
-1332
-655
-295
-521
-1064
-1416
-1756
-2045
-2553
-2994
-3273
-3542
-3560
-3258
-2561
-1653
-854
20
587
742
687
315
-291
-470
-4
617
971
648
-27
-746
-913
-273
907
2149
2845
3096
3402
3939
4284
4425
4171
3677
2846
1073
-522
-1632
-1732
-24
2356
4428
5329
4464
2197
-242
-2121
-3140
-2717
-949
1172
3116
4511
4586
3506
2330
1250
1119
1965
2901
3709
3477
2219
262
-1767
-3506
-5000
-5821
-5935
-5620
-4750
-3609
-2906
-2722
-2801
-3532
-4436
-4901
-4450
-3328
-1734
386
2338
3848
4615
4287
3578
2896
2608
2222
1533
669
-201
-284
735
2527
4363
5681
5737
4352
2229
58
-1730
-3401
-4264
-4310
-3593
-2444
-1143
158
1314
2332
2471
1834
836
-383
-1278
-1531
-970
362
1709
2890
3653
3559
3255
2959
2281
1559
1091
361
13
456
1939
4596
7113
8328
8072
6923
5442
3911
2528
1389
96
-1365
-2241
-1970
-784
101
616
996
1085
1172
1077
575
-575
-2610
-5143
-7611
-9241
-9222
-7011
-3252
568
3685
6156
7480
7277
5685
3029
194
-2759
-4956
-5765
-4813
-2856
-1362
-446
431
1411
1962
1110
-1379
-4122
-5870
-6047
-5460
-4589
-3955
-3745
-3573
-3841
-4493
-5053
-5069
-3880
-1367
1802
4989
7404
7829
5700
2134
-1511
-3968
-4717
-4134
-2531
-247
2481
4430
5025
4979
4598
4110
3049
567
-2578
-4857
-4935
-3044
-1026
964
3093
5198
6970
7736
7430
6322
4746
2984
1112
-505
-1361
-2025
-2333
-2899
-3539
-3220
-2298
-1220
-1189
-2641
-5034
-7449
-8666
-8463
-6906
-4527
-1933
439
1184
832
150
-684
-1210
-1740
-1978
-2548
-3614
-4105
-4536
-4296
-3598
-3320
-2265
-123
1769
2463
708
-2056
-3656
-3835
-2677
-1017
690
2509
4113
5059
5382
5281
5314
5185
4374
3609
3084
2342
1606
832
396
576
594
338
-476
-1123
-349
1090
2190
2709
3076
3384
3535
3471
3128
2165
1350
-163
-2357
-4377
-6051
-5957
-3478
293
3735
5615
6012
5065
3051
861
-593
-746
35
979
1479
1393
845
91
-10
79
141
-249
-1416
-1958
-1338
110
2114
4009
4809
4417
2544
7
-2143
-3441
-3734
-3085
-1791
-569
453
939
1555
2286
2992
3763
3620
2457
656
-1395
-2971
-3817
-3554
-2480
-949
1054
2742
3749
3854
2545
87
-2561
-4520
-5289
-4805
-3056
-789
942
2273
3164
3735
3936
3209
1559
-380
-1564
-1498
-398
857
1303
1503
1830
2415
3070
3338
2622
722
-1948
-4162
-5051
-5096
-4483
-3273
-1316
830
2539
3554
4112
4541
3928
2486
949
-530
-1536
-2455
-3611
-4916
-5880
-5796
-4392
-1728
1612
4747
6775
7083
5789
3323
769
-1408
-3223
-4794
-6585
-7773
-7981
-7646
-6408
-4555
-2675
-694
1111
2354
2543
771
-2582
-6407
-8859
-8994
-7372
-5188
-3702
-2967
-2624
-2227
-1828
-2156
-3468
-5264
-6214
-6302
-6693
-7159
-7144
-6980
-6568
-6613
-6888
-6534
-5305
-3381
-1620
-944
-1733
-3678
-5536
-6495
-6166
-4127
-538
4731
10944
16719
20458
21169
19732
17842
16232
14599
12709
10648
9036
8382
8383
8344
8073
7432
6236
4901
3498
1991
-257
-3439
-7077
-9631
-9775
-8047
-5414
-2587
438
3342
5464
5564
3537
413
-2617
-4847
-5652
-5235
-3646
-131
4325
8028
9877
9245
7166
5328
4264
4274
4818
5235
5592
5588
5298
5226
5858
7206
8485
8884
7925
5730
3136
1082
-794
-1996
-2361
-2472
-1923
-1321
-953
-115
165
-338
-1142
-2738
-4789
-6734
-7696
-7017
-4811
-1615
1727
4218
4728
3001
5
-2524
-3158
-2587
-2312
-2569
-3157
-3904
-4181
-3542
-2269
-791
18
-388
-2235
-5155
-8014
-10236
-11112
-10440
-8987
-7560
-6603
-6293
-6264
-5619
-5431
-6376
-8176
-10150
-11023
-10447
-8979
-7560
-7047
-7717
-8521
-8834
-8843
-8053
-6678
-6065
-6359
-6783
-6901
-5660
-2949
-343
1230
1411
969
1263
2636
3696
4084
3778
2733
1925
1766
2558
4173
5783
6840
6624
6136
6245
6712
7074
6111
3623
678
-2068
-3831
-4290
-3998
-3351
-2099
-216
2177
4208
4705
3801
2936
2942
3279
3493
3741
4422
4849
3908
1329
-2061
-4197
-4913
-4500
-2996
-535
2789
5467
6170
5324
4440
4713
5523
5105
3632
1962
724
212
-326
-709
-839
-437
784
2312
3804
4976
5872
6966
7601
7362
5829
3875
2863
3224
4951
6044
5074
3361
2430
2352
2234
1272
-205
-1027
-1414
-2237
-3964
-5785
-6548
-6388
-6563
-6935
-5991
-4530
-3617
-3025
-2721
-1783
-212
580
832
942
799
765
1992
4021
4668
3295
1606
1186
1039
177
-1111
-2271
-2802
-2504
-2001
-1576
-866
-670
-489
-449
-215
651
1338
552
-2142
-5836
-8624
-9004
-7377
-4951
-2530
105
3686
7254
8700
7669
4158
-78
-2298
-1832
137
1998
2270
974
-1858
-5453
-8262
-9044
-7499
-4706
-1950
294
2605
4791
5023
2770
-439
-2785
-3728
-3952
-4030
-3320
-1488
689
3350
6604
9467
11209
11247
10411
8641
5257
904
-3173
-4793
-3446
-1902
-2792
-5630
-7718
-7380
-4764
-913
2714
4003
2537
789
257
-10
-91
1484
4910
8179
10106
11855
13087
12369
8960
3221
-2193
-4917
-4910
-3731
-4234
-6495
-7680
-7087
-5771
-5023
-4443
-3436
-1845
798
3582
4073
1193
-2012
-1926
156
-23
-2416
-4516
-4429
-2562
-1115
-983
-2790
-5708
-7860
-8084
-6744
-6246
-6610
-5834
-3484
469
5354
7673
4496
-3696
-12984
-16201
-8733
3646
9158
2369
-7932
-7390
-426
-5020
-15373
-10707
9875
29832
32765
31460
25197
16289
11710
9949
7414
4695
2358
3120
6867
9678
8768
6277
6025
6000
4119
2706
1866
369
-940
-608
251
-739
-2573
-3717
-5621
-8617
-12722
-15620
-14945
-12770
-10264
-8462
-8216
-8334
-7675
-7066
-9835
-19446
-31033
-32768
-25846
-11389
-971
4152
8473
10960
10642
7032
1943
-562
1719
7662
12935
14873
13232
10409
9773
11200
12617
12158
10443
8720
6286
3183
1259
299
-1519
-2262
-375
2116
2932
2628
1568
543
1006
1943
2091
2349
4024
6604
7959
7487
5858
5214
6053
5503
2747
-295
-1864
-3542
-4747
-3281
-2107
-4528
-8834
-10892
-9854
-8005
-6586
-5741
-5109
-4878
-6016
-8408
-9423
-7265
-3591
-1063
1011
2869
3507
2985
1224
-245
132
1154
1430
-449
-2858
-3379
-3185
-4644
-6271
-4021
-172
1533
3127
5582
6478
5560
4594
3153
258
-1445
5032
13698
9742
1080
-3421
-2865
-1068
-2571
-5497
-9439
-11299
-5845
3073
7148
4654
968
-539
-1423
-1309
1446
4464
4200
856
-2671
-4380
-4813
-5704
-7477
-9045
-9653
-7695
-2020
4459
9399
12679
12075
6836
526
-3946
-7627
-11737
-11600
-3604
6909
12651
10454
3664
-3090
-6996
-8370
-9407
-9717
-8304
-6150
-1023
7800
14128
13744
9384
5523
3165
1486
996
1029
762
31
-1079
-1494
-1549
-2917
-5147
-5014
-1514
840
-1491
-5113
-5628
-3740
-2828
-2834
-1850
2227
9573
14932
14520
9619
4304
239
-4317
-7305
-6723
-6282
-6771
-5178
-1502
1904
3376
2584
1366
2132
3243
2432
944
287
1021
2475
2034
-510
-2039
-464
1300
11
-3125
-6669
-8495
-9317
-9135
-6399
-3180
-1058
520
2734
5427
7464
8255
7476
5121
3013
1560
-818
-5673
-11786
-14685
-11778
-6269
-2480
383
5066
10825
13581
12607
10354
6312
530
-4148
-6383
-6989
-6743
-4643
439
6879
10567
9881
7846
6611
5134
3102
1724
380
-2234
-5074
-7632
-10768
-14500
-15725
-11908
-5534
-181
3170
3787
1930
-863
-3075
-3384
-2776
-4137
-6756
-7559
-5873
-3551
-3042
-4982
-6698
-5062
-504
4280
8164
10303
10453
11183
11710
11701
12157
12090
11294
9884
7975
6775
5910
4740
2817
169
-1048
-212
1888
3948
4467
4243
3550
948
-2870
-5067
-4198
-2067
-1034
-1457
-1822
-1623
-1953
-2096
-553
2189
5079
8337
10655
10723
8582
4659
-142
-4516
-7663
-9295
-9304
-8681
-7564
-6347
-5084
-3466
-2358
-3521
-7655
-13116
-16891
-17087
-15542
-13235
-9469
-4722
364
5020
7596
7436
5757
3031
-594
-3880
-5459
-5014
-3494
-1400
438
893
152
422
2439
4321
5328
5970
6454
4886
1145
-2127
-3821
-2949
-389
1387
1236
316
314
2057
3924
4149
3343
2417
1830
1120
983
1729
1722
834
15
277
1133
2349
3999
5640
7618
9805
10431
8121
4887
1981
-331
-2445
-4340
-5117
-5171
-5217
-5528
-5329
-3009
554
3239
4210
3489
1870
36
-1842
-3963
-4994
-4647
-4482
-5582
-6895
-6301
-4210
-1753
1085
4434
6818
6057
3139
152
-2334
-3860
-4373
-4453
-3581
-1720
-100
1235
2046
1781
877
6
-372
-371
-1512
-3138
-3359
-2921
-2629
-1652
-96
1881
3480
3092
589
-2718
-4920
-5707
-5258
-4549
-4462
-4674
-4972
-4986
-4585
-4754
-5308
-5264
-3797
-1073
2001
4254
4777
3805
2742
2148
2111
2755
4047
5649
6222
5595
4905
4871
5220
4629
3077
446
-2781
-4964
-5433
-4375
-2438
-48
1851
3150
4299
4808
3385
1109
628
1049
16
-1934
-2890
-2058
-437
524
931
1551
2438
2743
2347
1364
-377
-2121
-2424
-1614
-1242
-1398
-2856
-4705
-4289
-1769
444
2111
4114
5574
6186
5773
4758
4023
2901
1263
-466
-2213
-3025
-2834
-2204
-1548
-1882
-1895
-451
1399
2755
3040
2588
1869
1750
3005
5031
7144
8238
7593
6231
6058
7855
11180
15593
19463
23362
28095
30989
28646
19248
4081
-12769
-27066
-32768
-32763
-32768
-32767
-32766
-32726
-31876
-28377
-24363
-23218
-21801
-19149
-17077
-15322
-13303
-10405
-7460
-3204
2992
8208
11775
14379
16435
17367
17366
18448
20446
22216
23170
23177
22420
21482
20279
18625
16827
14668
12599
10845
9331
7897
6613
5010
3281
1612
-283
-1278
-2220
-3518
-3989
-3929
-4046
-3630
-2981
-2369
-1537
-1282
-1788
-2435
-2901
-4267
-6209
-7369
-8284
-8756
-8728
-8123
-7053
-5705
-4096
-2577
-1179
143
1110
1888
2549
2935
3576
4422
4892
5124
5145
4939
4772
4303
3412
2252
1250
77
-576
-746
-950
-1159
-1638
-1809
-1704
-1847
-2481
-2861
-2959
-3112
-3146
-3586
-4191
-4389
-4477
-4182
-3762
-3590
-3440
-3300
-2838
-2158
-1801
-1840
-1656
-1047
-374
-56
106
365
457
795
999
1206
1633
2009
2798
3368
3800
4239
4437
4737
4746
4627
4540
4361
4653
4822
4818
4700
4557
4452
4309
3888
2913
1434
109
-1196
-2305
-3118
-4559
-5490
-5651
-5358
-4545
-3677
-2447
-1559
-755
179
801
1413
1909
2377
2545
2654
2923
3382
3769
3829
3768
3749
3930
4190
4286
4243
4251
4439
4700
4774
4768
4708
4634
4770
4576
4352
4286
4158
4493
4538
3707
2747
1400
709
1011
1319
1849
2382
2330
1537
448
-724
-2057
-3215
-4092
-4653
-5006
-5259
-5336
-5189
-4960
-4874
-4854
-4823
-4950
-4828
-4268
-3988
-3770
-3236
-2929
-2686
-2673
-2607
-2421
-2274
-1954
-1940
-1712
-1538
-1307
-752
-566
-262
-8
171
697
990
1244
1417
1276
1307
1202
776
624
273
-7
51
-317
-634
-991
-1085
-820
-756
-925
-1019
-996
-1196
-1121
-1277
-1831
-1881
-1884
-1797
-1468
-1628
-1868
-1696
-1581
-1337
-1187
-1027
-717
-753
-677
-816
-952
-842
-908
-845
-804
-751
-654
-652
-519
-351
-105
-98
-127
80
332
509
576
589
394
232
200
34
-73
63
146
109
-42
-251
-301
-32
161
289
464
596
613
578
381
362
180
-31
22
-150
-188
-80
-125
80
373
245
252
359
564
943
1143
1173
1036
1004
867
839
664
490
494
353
141
-33
-28
192
-24
-290
-328
-638
-983
-1441
-2234
-2999
-3790
-4559
-5113
-5576
-6036
-6091
-6069
-6327
-6512
-6658
-6641
-6273
-6151
-6219
-6191
-6036
-5677
-5454
-5406
-5363
-5269
-4883
-4319
-3717
-3383
-2884
-2044
-1508
-872
-163
480
1464
2329
3223
3930
4516
5179
5657
6039
6546
7058
7462
7963
8367
8405
8566
8608
8430
8732
8914
8828
8850
8459
8119
8040
7801
7801
7748
7589
7605
7359
6897
6392
5832
5175
4544
4000
3231
2535
1694
780
230
-421
-1094
-1588
-1992
-2094
-2446
-2997
-3199
-3347
-3357
-3266
-3134
-3099
-3089
-2883
-2948
-3068
-3314
-3555
-3711
-4069
-4368
-4321
-4171
-3666
-3199
-3042
-2744
-2590
-2475
-2440
-2320
-2349
-2408
-2553
-3030
-3533
-3959
-4458
-4721
-4820
-4810
-4736
-4701
-4649
-4583
-4225
-4125
-4107
-3850
-3805
-3785
-3790
-3926
-4049
-3868
-3651
-3458
-3076
-2823
-2776
-2480
-2299
-2235
-2007
-1890
-1552
-1065
-557
133
800
1259
1773
2131
2250
2320
2375
2438
2292
2119
2126
2208
2421
2858
3229
3604
3794
4271
4688
4893
4674
4037
3394
2705
2177
1801
1082
310
-151
-249
-132
-79
-51
-134
53
74
-143
-57
250
971
1645
2133
2553
2892
3283
3547
3908
3899
3821
3849
3715
3618
3186
2654
2262
1735
1079
271
-508
-967
-1375
-1550
-1780
-2190
-2583
-3281
-3673
-3588
-3465
-3014
-2502
-2263
-2017
-1653
-1295
-1226
-878
-393
-40
375
813
1175
1454
1563
1267
462
-509
-879
-831
-483
-333
-396
-167
370
1227
1790
1561
907
157
-692
-1665
-2472
-3225
-3720
-3745
-3610
-3128
-1948
-1097
-106
869
1445
2067
2330
2726
3166
3889
4874
6137
7760
8643
8603
7721
6490
5654
4927
4377
3600
2293
975
-649
-2219
-3792
-5773
-7224
-8428
-9066
-8463
-7178
-5386
-3396
-1515
103
1151
1860
2042
2011
1917
1718
1891
2300
2792
3249
3380
3796
4446
4588
4208
2944
1243
-85
-764
-787
-619
-498
-578
-244
1242
3328
5134
6623
7574
8217
8647
8568
7557
6142
5183
4319
3514
2235
423
-1017
-1868
-2332
-2562
-3470
-5180
-6996
-8440
-9181
-9428
-9342
-8924
-8335
-7822
-7866
-8020
-8118
-8244
-8523
-9078
-9730
-10179
-9957
-8954
-7575
-6110
-4714
-3449
-2560
-2072
-1658
-913
580
2343
4071
4703
4210
3250
1970
1008
238
-342
-670
-1343
-2255
-2991
-3497
-2846
-1679
-395
771
1938
3258
4278
5049
5046
4369
3672
2662
1610
769
20
-528
-1012
-862
-280
441
1322
1611
1331
969
821
756
625
264
-328
-734
-853
-535
21
413
926
1480
1913
2177
1851
1394
943
161
-247
-377
-256
42
131
140
265
197
427
790
1198
1784
2285
2557
2836
2884
2726
2732
2652
2527
2527
2499
2508
2586
2568
2459
2419
2439
2595
2713
2844
2634
2374
2004
1532
1351
1168
829
448
-95
-715
-1290
-1680
-1671
-1576
-1040
-507
-275
-104
-216
-143
86
668
1644
2277
2159
1424
289
-617
-1157
-1419
-1265
-1062
-752
-480
-95
315
363
368
565
884
1242
1266
1177
1322
1654
2283
2584
1965
575
-536
-908
-902
-718
-399
96
716
1102
1388
1611
1846
2320
2610
2414
1909
1653
1792
1921
1925
1910
1837
1800
1705
1470
617
-411
-1253
-2021
-2487
-2882
-3313
-3457
-3461
-3571
-3767
-3811
-4152
-4490
-4850
-5189
-5207
-5470
-5788
-6084
-6480
-6712
-6812
-6853
-6782
-6854
-6519
-5820
-5239
-4540
-3953
-3591
-3507
-3485
-3752
-4242
-4828
-5725
-6524
-7047
-7321
-7203
-6938
-6757
-6386
-6042
-5658
-5276
-4837
-4256
-4048
-3944
-3849
-3639
-2834
-1343
849
3503
5948
7980
9510
11366
14144
17287
19997
21372
21306
19887
18020
16096
14087
12231
10339
8592
7279
6014
4557
3041
1453
-87
-1677
-2974
-3748
-3944
-3973
-4073
-4021
-4110
-4195
-4168
-3994
-3936
-3919
-3583
-2790
-1862
-1149
-487
204
1049
1784
2288
2893
3588
4302
5040
5629
6167
7192
8114
8693
9473
9996
10264
10393
9817
9242
8545
7684
6839
5877
4844
3734
2775
2054
1038
-130
-1039
-1942
-2428
-2972
-3776
-4864
-5731
-6172
-6508
-6439
-6500
-6795
-6935
-6908
-6990
-6733
-6286
-5981
-5646
-5617
-5724
-5530
-5187
-4826
-4488
-4015
-3470
-3034
-2360
-1390
-246
721
1259
1352
803
120
-511
-1209
-1930
-2703
-3599
-4524
-5630
-6720
-7781
-8802
-9626
-10156
-10153
-9480
-8461
-7507
-6630
-6108
-5894
-5652
-5504
-5272
-4862
-4180
-3284
-2632
-2227
-1754
-1096
-11
830
1699
2466
2872
2956
2778
2673
2543
2753
3118
3044
2738
1970
844
-92
-402
-239
452
1534
1960
1900
1464
284
-1260
-2646
-3227
-2640
-1155
646
1816
2194
1690
1156
931
632
201
61
422
929
1522
2245
3138
3749
4340
4570
4339
4278
3769
2639
1420
1038
2035
3987
5492
5976
5439
4403
3354
2643
2000
1203
243
-504
-1106
-1890
-2523
-2391
-1652
-908
-70
1322
2769
3941
4800
4711
4206
3912
2848
1520
357
-938
-1694
-2040
-1542
-385
994
2847
4646
5542
5681
4454
1966
-699
-2932
-4185
-4800
-4711
-4301
-4016
-3682
-2941
-2218
-2107
-2559
-3099
-2788
-1629
-1176
-1665
-2356
-2852
-3022
-3018
-2489
-1041
622
1638
2105
2201
2041
1146
-33
-926
-1002
-246
108
-180
-700
-1481
-2669
-3871
-4633
-4771
-4271
-3517
-2372
-1326
-1095
-1263
-1231
-275
1247
1984
2251
2870
4176
5412
5056
3111
141
-3090
-5602
-6534
-5974
-4155
-1434
1631
4692
7227
8812
9202
8952
8664
8362
7345
5021
964
-3509
-7381
-9538
-8718
-6302
-3450
-707
1093
2305
3283
3910
5310
7376
8981
9722
9592
9082
8452
7605
6949
6902
7469
7779
7002
5194
3034
907
-1500
-4131
-6867
-8773
-8968
-8831
-9526
-10491
-11283
-11895
-12165
-11847
-10423
-8494
-7116
-6476
-5828
-4723
-3456
-1677
116
2630
5643
7130
7260
6940
7452
8672
9774
10529
11208
11360
9362
5084
579
-2870
-5869
-8137
-8635
-7620
-7581
-8419
-8106
-7044
-6481
-6684
-6661
-5328
-3668
-2247
-96
2478
4474
5254
6343
8816
10362
9711
8152
6689
4908
2155
-565
-1867
-1741
-273
1928
3704
3914
3111
2522
1957
644
-1130
-2211
-2429
-3088
-4651
-6439
-7010
-5435
-2838
-1049
-587
-951
-2237
-3683
-4172
-3793
-2487
-1883
-2541
-2390
-489
1757
3143
4704
5800
5813
5616
4481
1643
-1032
-976
1638
3927
3955
2200
1118
1955
2850
3139
3358
3872
4429
4262
2106
-1561
-5055
-8359
-9851
-7560
-3944
-1951
-1102
-1218
-2378
-3998
-4474
-2649
-465
472
354
-169
-595
-799
-494
184
861
2376
3603
4270
4896
4819
3562
1599
-572
-2149
-2063
-364
27
-1966
-3211
-1818
1384
5228
8848
10384
8787
5748
3356
1454
-1115
-3818
-5081
-4696
-3928
-3527
-3105
-1875
-129
1786
4353
5374
2688
-1584
-4699
-6735
-7962
-7043
-4539
-3452
-4284
-4305
-1602
1697
2371
1412
803
-930
-4321
-6553
-5870
-3022
-443
-625
-3126
-3897
-44
6033
9325
7983
5098
3163
4029
6897
7123
4096
1469
1223
2053
3340
5394
5933
3936
830
-2369
-4486
-3997
-1859
-465
-158
886
3258
4018
1975
1094
2599
2625
-87
-3923
-6215
-7143
-7648
-7448
-8229
-9684
-7823
-4547
-2387
-402
811
1056
1456
3256
5553
6145
5125
3909
2051
-2108
-7708
-9928
-7148
-3159
-1768
-2068
191
4413
6568
6103
5811
5499
3398
268
-2629
-3419
-773
2861
4266
3640
3555
4955
5386
4279
3990
1665
-2503
-3232
-2652
-4814
-7340
-7705
-5927
-4382
-5542
-6976
-5097
-463
4779
6975
5757
4081
3128
1767
-1354
-3009
-2626
-2935
-2677
-713
410
-1712
-3813
-2999
-1302
-371
202
-115
-1753
-2806
-1445
3386
11107
17063
15267
6749
-1371
-4193
-2938
-1955
-2422
-2564
-2137
-3285
-6018
-8238
-7780
-4873
-1814
232
2406
3303
673
-4440
-8804
-9600
-7944
-6513
-5308
-3393
-2331
-2633
-1684
2065
6632
9908
11011
10230
8692
6210
2546
-112
193
1460
1145
558
482
-638
-1943
-2908
-4660
-5174
-2437
1498
3555
3667
3144
3489
4364
3911
1873
-512
-1657
-1589
-2746
-4991
-6558
-7336
-6892
-5557
-3692
-1977
-1742
-2438
-2722
-1960
-408
713
1507
2509
3348
4216
5055
6064
7365
8231
8756
9186
9549
8936
7106
5027
3597
2935
2313
1684
1242
1103
1453
2006
2231
1738
465
-1490
-3654
-4980
-4565
-3380
-3162
-4457
-6015
-5739
-4273
-3764
-4439
-4261
-2749
-1582
-1060
-492
166
844
1549
1985
1400
-358
-2251
-3380
-3101
-2150
-1884
-2164
-2979
-4458
-6046
-7085
-7356
-7049
-5813
-3205
380
3566
5306
5847
5466
3713
341
-2944
-4492
-4106
-2846
-1519
219
1947
2649
2204
994
-636
-2457
-3710
-3383
-1731
425
2194
3023
3013
2947
2926
2916
3050
3519
4836
6082
6425
6179
5920
5918
5144
3389
996
-1085
-2550
-4187
-5496
-5665
-4831
-3665
-3020
-2727
-2207
-1303
-847
-1187
-1785
-1796
-466
1334
2880
3487
3132
2502
1720
839
-50
-361
301
1227
1187
-80
-1671
-2521
-2349
-1876
-1589
-1545
-1847
-1683
-1292
-1537
-2345
-3323
-4026
-4785
-5081
-5177
-5065
-4613
-3127
-24
3831
6361
5372
2120
-861
-1918
-963
839
2682
4641
5565
4137
2031
1189
1436
2126
2324
1980
1825
2146
2404
2731
3642
3914
2699
657
-1076
-1281
-438
512
869
406
-1140
-3288
-4473
-4729
-4576
-3834
-2375
-1067
-376
-305
-784
-1940
-3903
-6279
-7519
-6729
-5405
-4614
-4378
-3593
-2193
-634
861
561
-1168
-2349
-2180
-1334
-1138
-1463
-451
1821
4370
6744
7687
7114
5945
4106
1888
1478
3219
4726
4306
2083
-395
-970
1071
3399
3540
2348
1210
842
1848
3499
4137
2953
550
-1403
-1631
-632
-269
-477
-903
-2092
-2312
-402
1916
3569
4456
4652
4641
4308
3658
3209
2707
2309
3213
5463
7337
7544
7587
8459
10488
13680
16958
19343
19585
16554
9719
-364
-11774
-21922
-28676
-32111
-32767
-32751
-32353
-30151
-26840
-25647
-25592
-25201
-24348
-22749
-19927
-15711
-11346
-7738
-4812
-2430
627
5283
10188
14043
16773
18863
20726
22097
22223
21780
21662
21505
20726
18953
16219
13072
10144
7861
6165
5083
4321
2947
1268
118
-163
360
999
1062
388
-257
-388
-548
-851
-1439
-2104
-1816
-673
506
1078
705
34
-664
-1438
-2121
-2788
-3480
-4051
-4484
-4645
-4119
-3334
-2786
-2492
-2368
-2268
-1795
-1191
-839
-860
-1025
-1067
-1350
-1894
-2373
-2371
-1863
-1557
-1687
-1902
-2337
-2537
-2285
-1798
-1445
-1318
-947
-622
-80
253
656
1474
1825
1639
957
260
94
82
-75
-731
-1136
-933
-788
-549
-402
-289
-151
-191
-121
76
312
600
1016
1534
2015
2280
2840
3217
3586
3383
2835
2771
2942
3488
3624
3513
3438
3073
2781
2273
1996
2191
2302
2060
1609
1583
1817
2082
2115
1343
612
500
244
-95
-341
-686
-731
-801
-1176
-1187
-1048
-1289
-2573
-3464
-2278
-866
-386
-937
-1756
-1664
-1101
-507
-38
36
333
1137
2106
2752
3251
3647
3716
3774
3521
3053
2517
2377
2961
3916
4993
5901
6378
6238
5255
3858
2757
1975
1700
1839
2066
2513
2820
2895
2790
2541
2142
1561
1089
652
77
-400
-760
-998
-1243
-1666
-2137
-2640
-2920
-3148
-3463
-3842
-4157
-4425
-4671
-4760
-4898
-5123
-4947
-4771
-4682
-4227
-4102
-3872
-3382
-3077
-2809
-2415
-2095
-1822
-1452
-1537
-1410
-1339
-1416
-1378
-1496
-1251
-990
-1028
-954
-913
-725
-369
-246
-75
160
348
661
681
501
493
488
409
497
470
327
214
-6
-320
-492
-605
-748
-864
-972
-937
-998
-1184
-1264
-1146
-1202
-1304
-1245
-1211
-1111
-1050
-893
-959
-862
-662
-741
-536
-254
-220
-309
-187
-125
-115
58
39
11
6
-167
-247
-296
-127
145
220
423
722
815
1000
930
895
1220
1007
923
730
243
238
198
179
229
143
88
162
104
-63
138
92
-282
-472
-775
-1094
-1328
-1730
-2092
-2298
-2595
-3294
-3912
-4716
-5274
-5302
-5462
-6038
-6674
-7133
-7587
-7644
-7832
-7992
-8069
-7987
-7804
-7681
-7561
-7450
-7140
-6795
-6348
-5820
-5061
-4393
-3727
-2925
-2155
-1364
-425
279
985
1718
2256
3102
3893
4669
5645
6518
7372
8106
8576
9035
9625
10103
10042
9891
9661
9753
10041
9946
9576
9616
9891
10102
10415
10277
10094
9829
9393
8982
8317
7621
6867
6220
5379
4547
3810
3193
2821
2314
1612
771
232
30
-53
-83
-357
-682
-908
-1143
-1537
-2009
-2466
-2802
-2874
-2963
-3044
-3156
-3140
-3304
-3723
-3941
-3958
-3943
-3636
-3326
-3113
-2557
-2019
-1493
-864
-675
-605
-225
-152
-204
-292
-368
-385
-664
-757
-772
-979
-1062
-1244
-1769
-2267
-2450
-2457
-2594
-2481
-2532
-2617
-2624
-2861
-3119
-3383
-3437
-3323
-3280
-3428
-3679
-3992
-4244
-4421
-4798
-5101
-5117
-5004
-4937
-4554
-4427
-4334
-3825
-3546
-3256
-2946
-2616
-1918
-1549
-1521
-1447
-1267
-947
-701
-447
-369
-425
-338
-105
385
829
1330
2228
2775
3186
3688
3487
3153
2585
1959
1618
1368
1300
1411
1744
1934
2078
2190
2219
2543
2772
2940
3146
2957
2406
1925
1111
275
-95
-196
366
1386
2343
2914
2979
2454
1556
1000
-224
-1466
-1985
-2308
-1735
-1164
-780
-690
-1359
-2244
-3223
-4024
-3932
-2492
-105
2325
3723
3981
3671
3502
3903
4115
3992
3148
1863
701
-351
-569
-145
761
1713
1831
1589
1093
514
39
-740
-1486
-2015
-1852
-1238
-72
569
40
-1131
-2815
-3836
-3456
-2220
-501
978
1744
2091
1877
1425
831
196
-511
-1307
-1761
-1149
301
2083
3401
3629
3115
2482
1761
1084
589
-440
-1601
-2074
-1712
-581
649
1344
1139
810
1039
1589
2468
3526
4941
6549
7672
8325
8449
8188
8218
8458
9137
10134
10399
9459
7064
3907
322
-3495
-6898
-9266
-9995
-9088
-7279
-4920
-1850
1436
4480
6339
6339
4602
1621
-1756
-5017
-7543
-9526
-11076
-11990
-12125
-11563
-11050
-10795
-11197
-11789
-11843
-11989
-11685
-10998
-10226
-8808
-7161
-5188
-2867
-339
2306
4108
5099
5969
6504
6765
6722
6376
5753
5068
4558
4262
4319
3976
3046
2055
1536
1702
2013
2351
2665
2496
2046
1733
1422
1522
1818
1836
2007
2209
2285
2545
2474
1479
-111
-1981
-3537
-4359
-4354
-3708
-2685
-1875
-1218
-772
-788
-882
-1196
-1880
-2642
-3281
-3762
-3567
-2944
-2691
-2584
-2516
-2879
-3182
-3071
-2434
-1132
-72
857
1744
2621
3351
3542
3196
2277
1635
1360
1437
2004
2489
2910
2812
1945
987
444
206
524
1119
1628
2102
2790
3253
3374
3131
3129
3345
3772
4326
4385
4191
3502
2784
1806
912
266
-392
-299
-149
-100
-55
-298
-827
-1290
-1763
-1978
-1726
-1200
-446
333
718
699
272
-57
-317
-442
-194
194
644
1098
1154
647
-94
-620
-1132
-1784
-2538
-2765
-2651
-2473
-2294
-1912
-1414
-1024
-564
-505
-523
-384
-213
-19
273
477
389
465
401
180
109
76
8
127
117
295
522
410
367
236
266
397
405
552
682
895
1115
1148
1036
855
499
-44
-407
-703
-948
-1000
-748
-594
-334
77
287
657
488
201
218
170
129
-110
-294
-424
-527
-445
-309
-177
18
81
165
295
302
82
-45
118
101
158
186
-50
-98
-264
-416
-489
-588
-504
-356
-330
-260
-167
-186
-321
-557
-587
-804
-1179
-1359
-1617
-1822
-1955
-2177
-2193
-2422
-2476
-2467
-2617
-2719
-2712
-2719
-2483
-1968
-1808
-1551
-1459
-1444
-1471
-1757
-1945
-2052
-2092
-1966
-1952
-1948
-1805
-1897
-1705
-1566
-1597
-1422
-1453
-1601
-1918
-2156
-2089
-2029
-1806
-1820
-2025
-2392
-3055
-3518
-3939
-3994
-4037
-4337
-5067
-6515
-7824
-9393
-11071
-12427
-13078
-11770
-7792
-1833
5307
12256
17682
22209
25334
26753
26388
24918
22833
20527
18328
15764
13036
10522
8135
5988
3953
2313
1489
1196
1105
386
-914
-2674
-4540
-5857
-6628
-6491
-5714
-4865
-3888
-2797
-2224
-1958
-2073
-2466
-2702
-2951
-3368
-3345
-2940
-2648
-2129
-1543
-1113
-531
212
871
1796
2841
4190
5802
7195
8251
9073
9559
9673
9458
8948
7982
6717
5575
4360
3193
2147
1530
1196
1032
1097
1051
1207
1479
1853
2276
2899
3258
3382
3499
3494
3360
3047
2737
2593
2586
2228
1769
1100
-223
-1725
-3164
-4464
-5568
-6283
-7078
-7763
-8560
-9669
-10626
-12193
-13934
-15278
-16521
-17059
-16540
-15738
-14808
-13722
-12751
-12010
-11800
-11597
-11223
-10741
-10001
-9467
-8904
-8077
-7469
-6987
-6415
-5824
-5231
-4519
-4321
-4594
-4409
-3903
-3229
-2319
-1719
-1156
-543
557
2044
3456
4503
4794
4470
4112
4064
4527
5481
6345
6907
7114
6907
6443
5569
4612
3766
2994
2527
2528
3031
3408
3624
3139
2147
1730
1303
760
199
-103
629
2001
3002
3225
3286
3019
3113
3876
4131
3489
2721
2494
2684
2928
2219
1456
1197
1179
1566
1735
1587
1711
2477
3176
3964
5464
6590
6351
4884
3257
2572
2640
2432
1787
1347
1745
3297
4517
4905
4541
3485
2477
1682
510
-1391
-3460
-5056
-4678
-2996
-1287
344
1510
2312
2208
1275
978
2090
3892
4486
3656
2380
1225
494
-1027
-3395
-5912
-8221
-9202
-7892
-4453
-2143
-2426
-3827
-4895
-4961
-3159
253
3379
4624
3253
140
-2922
-4444
-4421
-3675
-3781
-4118
-3527
-2635
-1413
193
1554
1669
557
-674
-1281
-1725
-2271
-2890
-2845
-1662
-1131
-2075
-2907
-2041
163
782
-1220
-4170
-6307
-7401
-7955
-7939
-7341
-5358
-1789
1302
2563
2341
1594
428
-1481
-3453
-3686
-2373
-1736
-2425
-3426
-3909
-3547
-2274
-1028
-217
795
2960
5462
7086
7405
6421
4978
3882
4022
4996
5678
5856
5206
3485
1492
-385
-1567
-1379
328
2983
4806
5541
5120
4033
3036
2129
1068
-190
-616
444
2015
2838
2949
2216
931
189
311
278
95
548
1427
1894
1656
291
-848
-293
803
546
-481
-622
-754
-1865
-2894
-3206
-3028
-2204
-205
1919
3692
4478
3091
153
-2982
-4806
-5385
-5025
-3576
-1382
635
2021
3139
4496
5734
6868
8034
7336
4168
259
-2907
-4687
-4453
-3063
-1206
1246
3369
4346
4756
5513
5501
3805
2437
2822
2707
1355
319
-158
-441
-228
648
2808
4955
4613
2637
964
-356
-1058
11
1451
2329
1798
-285
-1486
-3043
-6834
-11440
-14136
-12577
-7861
-4997
-5345
-5361
-3631
-2604
-3066
-4190
-5697
-6494
-6529
-5995
-3671
243
3114
4802
6825
9045
10339
10600
9659
6971
3370
645
-358
-48
1682
3295
2264
674
580
68
-1466
-1964
-1577
-1182
-1174
-2146
-3823
-4491
-3527
-1571
-148
-384
-2236
-4784
-4980
-1509
2416
3252
1168
-731
-1206
-1264
-1102
-894
-991
-947
-796
-928
-2049
-3240
-2754
-1409
-654
-850
-419
2678
6397
7390
6076
5090
4594
2963
1487
1467
1985
1601
493
429
1263
824
-803
-1709
-2536
-2529
-543
2002
3914
4911
4588
2121
-1486
-3527
-3311
-2319
-3247
-5235
-5022
-3583
-2204
-535
670
-682
-3518
-5248
-5866
-4906
-3255
-2673
-3038
-3014
-1427
1834
5134
6646
7505
7861
6132
4618
5075
5056
4496
3555
1513
-971
-2466
-2462
-2448
-3340
-5387
-7469
-7426
-4852
-2937
-3702
-4700
-4225
-1784
2448
5893
7392
6788
5007
3001
1337
990
-171
-3159
-3523
-562
1142
317
-2641
-6514
-8464
-7641
-5310
-3158
-2492
-3593
-4156
-1873
1433
3014
1881
103
309
2398
5737
9624
12415
13415
11567
8407
7014
5870
1783
-4749
-8565
-6139
-397
3344
3196
1788
601
-992
-2768
-5598
-7401
-5391
-832
5167
9139
8565
5017
845
-3156
-6763
-7956
-6473
-4251
-1749
-881
-2958
-4520
-4290
-4898
-6017
-4702
-1028
1270
114
-2792
-3457
-1985
-822
1573
5871
9149
9450
6538
2158
-1217
-3784
-5843
-6573
-5945
-5125
-4376
-3816
-2871
-1490
-1127
-1176
34
2761
4728
2568
-2067
-4650
-4360
-1468
3366
6922
6677
3191
-213
-2560
-3857
-2683
143
2899
5231
6621
7361
6312
2899
59
-818
-300
794
-206
-4684
-9023
-11055
-10931
-8517
-4645
-598
1899
2668
2358
1765
2769
4551
4200
1908
-761
-2967
-4523
-4390
-1674
1478
2628
2353
2609
3196
2533
981
-12
-1092
-2262
-2950
-3225
-1969
900
3810
5151
4457
3122
3228
5527
8577
10227
11335
12763
13409
12140
9378
6750
4612
3059
2007
1299
1221
1950
2290
655
-2395
-4957
-6523
-7138
-6242
-4218
-2889
-2967
-2663
-1277
167
322
-1222
-4346
-7319
-7811
-6631
-3926
335
3500
3888
1877
-1516
-5097
-7498
-7557
-6288
-5192
-4696
-5980
-8529
-9972
-7870
-2502
1936
3349
2888
1421
-497
-1715
-2282
-2407
-2493
-2876
-3130
-2294
-525
415
1189
2956
4686
4964
3804
2361
1481
1769
3180
4100
4183
3387
1860
475
-172
39
492
1048
819
-705
-2735
-3907
-2898
195
3868
5708
5495
4753
3779
1670
-1531
-4289
-5058
-3608
-1181
-63
-953
-2665
-4223
-4523
-3232
-1742
-1517
-2408
-3684
-4832
-5861
-5866
-3573
657
5537
8676
8840
7889
6772
5820
5901
6808
7002
5315
2950
1779
1805
952
-1150
-3119
-3964
-3528
-2235
-1300
-1174
-1102
-615
243
151
-1493
-3159
-3591
-2820
-1309
-1015
-3385
-6288
-7296
-6184
-3715
-1056
1375
3502
5462
7125
8511
9061
8225
5326
683
-3888
-6493
-7459
-7414
-5231
-1585
1736
3948
4598
3779
2224
703
-1158
-3259
-5263
-7787
-10239
-10580
-7998
-3842
189
3346
5509
6864
6694
4694
1681
-1474
-2989
-2409
-438
2424
5683
7804
7275
4517
1775
-946
-4635
-7889
-9900
-9507
-6436
-2122
1291
2672
2586
1481
-1487
-5404
-7564
-8195
-7895
-6999
-4933
-2216
379
2874
4471
4281
2069
-452
-2107
-2487
-1538
-78
1551
3347
5444
7409
8484
7702
5624
3777
2072
947
1460
2589
3423
4229
5205
5518
5104
4460
3974
4481
5204
4735
3261
2439
3086
4895
6247
5805
5031
4815
6182
9679
14877
20796
25450
26633
21554
9368
-7576
-23785
-32762
-32677
-32761
-32768
-32760
-32768
-32758
-32488
-30186
-24947
-20167
-16390
-12796
-9733
-7092
-5685
-4694
-2716
977
6513
12957
18309
21780
23509
23525
22460
21434
20449
19039
16622
13835
11368
9082
8396
9451
11062
11880
11003
9072
6588
4394
2919
1702
878
459
375
-19
-74
181
149
-154
-558
-805
-675
-437
-274
-579
-1084
-1660
-2519
-3123
-3519
-3670
-3573
-3406
-3216
-3128
-3009
-2479
-2118
-1962
-1848
-1251
249
1720
3030
3711
3759
3331
2549
1544
316
-872
-1449
-1068
-213
450
370
-778
-2575
-4172
-5272
-5497
-4570
-3305
-2449
-2087
-1543
-890
-670
-1472
-2197
-2154
-1720
-1646
-1809
-2334
-3161
-3399
-3162
-2753
-2502
-2301
-2044
-1710
-1592
-106
2952
4612
4662
3623
2704
2773
3527
4442
4886
4543
3616
2346
979
-317
-1318
-2056
-2363
-1843
-758
730
1898
2369
2317
1896
1192
737
956
1157
1465
2080
2966
4254
5396
6428
6894
6870
6766
6490
5741
4383
3391
2772
2321
2636
3067
3635
4382
4625
4483
3997
3241
2847
2737
2169
1623
1928
3351
4673
5137
4353
2602
748
-766
-1993
-2500
-2428
-1831
-839
-23
440
381
-358
-2110
-4215
-5853
-6641
-6267
-4976
-3377
-1850
-767
-134
-212
-1022
-2151
-3483
-4496
-5173
-5272
-4863
-4051
-2719
-1515
-316
565
1054
1544
1689
1246
432
-403
-1246
-2049
-2576
-2411
-1795
-783
670
1700
1994
2064
1699
868
11
-971
-1951
-2602
-2848
-2597
-1740
-653
36
367
304
-268
-630
-454
-190
233
537
386
219
-120
-975
-2007
-3171
-3828
-3918
-3453
-2648
-1467
38
995
1773
1921
1525
1349
962
453
-326
-1127
-1546
-1798
-1806
-1545
-1114
-652
-111
276
429
451
315
179
-233
-796
-830
-727
-552
-168
87
390
820
808
642
273
-572
-897
-839
-808
-625
-351
15
422
677
614
478
110
-230
-356
-437
-170
150
381
726
660
-126
-724
-1255
-1510
-1506
-1242
-641
-308
140
515
763
718
454
-33
-969
-1730
-2015
-1870
-1204
-570
-86
422
883
1268
1498
1658
1828
1665
1331
855
78
-609
-1135
-1574
-1803
-1846
-1602
-1460
-1547
-1987
-2336
-2653
-3111
-3528
-3941
-4205
-4285
-4500
-4616
-4958
-5636
-5996
-6137
-6391
-6764
-7191
-7341
-7225
-7188
-7056
-6628
-6039
-5173
-4156
-3390
-2883
-2473
-2177
-1856
-1426
-1080
-756
-546
-567
-248
486
1532
3313
4738
5926
6664
6635
6683
6713
6679
6765
7017
7166
7394
7845
8596
9665
10312
10386
9824
8671
7417
6088
4829
4093
3721
3713
4222
4904
5555
6085
6419
6141
5174
3992
2557
1268
-175
-1387
-2066
-2252
-1496
-584
88
215
-200
-590
-1095
-1414
-1744
-2065
-2471
-2766
-2884
-2824
-2230
-1628
-1007
-769
-972
-1606
-2248
-2875
-3556
-3975
-4132
-4229
-4159
-3749
-3451
-3085
-2551
-1994
-1302
-727
-471
-455
-646
-896
-862
-1162
-1731
-2292
-3234
-3917
-4015
-3866
-3292
-2686
-2034
-1207
-548
337
850
906
745
-74
-1150
-2285
-3416
-3779
-3409
-2507
-1224
119
1209
1789
1796
1158
52
-1730
-2856
-3620
-3899
-3288
-2542
-1233
-161
666
1441
1650
1558
1170
374
-265
-628
-841
-594
30
804
1502
1948
1577
588
-198
-755
-643
21
772
1868
3426
5227
6815
7774
7699
6789
5276
3455
2235
1706
1808
2732
3636
4419
4969
4917
4672
3836
1893
647
15
-460
93
1228
2178
2657
2673
2316
1491
238
-984
-2017
-2752
-3029
-2775
-2220
-1497
-769
-570
-481
-395
-672
-905
-1204
-1749
-2278
-2739
-3257
-3291
-2840
-2437
-1652
-896
-608
-181
-59
-5
-91
-617
-1248
-1589
-1624
-1438
-1200
-1197
-1167
-1287
-1442
-1732
-1942
-2075
-2324
-2794
-3241
-3553
-3735
-3823
-4273
-4916
-5529
-5618
-4801
-3586
-2241
-872
49
841
1570
1834
1791
1220
335
-1090
-2358
-3112
-3297
-2634
-1754
-1042
-524
134
996
1883
2747
3575
4062
3829
3017
1852
321
-1110
-2355
-3063
-3192
-2932
-2252
-1405
-704
-254
-253
-180
140
505
570
654
796
1061
1703
2428
2859
3192
3206
3221
3684
4442
5285
5992
6364
6104
5409
4756
4237
3785
3682
4021
4837
6040
6807
6737
5796
4400
3213
2332
1470
488
-835
-1994
-3008
-3822
-3851
-3257
-2459
-1596
-1057
-1154
-1760
-2512
-3400
-3805
-3434
-2545
-831
608
1334
1977
1933
1125
-73
-1855
-3625
-4533
-4517
-3242
-972
1588
3870
5355
5522
4532
2781
518
-1626
-3479
-4880
-5478
-5288
-4397
-3121
-1515
-470
-15
23
-445
-1265
-1639
-1859
-1784
-1229
-712
-291
-185
-523
-1043
-1354
-1570
-1333
-704
-28
596
1032
1289
1455
1535
1549
1693
1976
2351
2087
1267
172
-1164
-2310
-3024
-2884
-2292
-1762
-1081
-380
215
574
498
-25
-874
-1564
-1808
-1953
-1874
-1580
-1335
-972
-366
-156
-274
-592
-1134
-1458
-1659
-2158
-2851
-3431
-3940
-4061
-4186
-4550
-4694
-4786
-4482
-4037
-3600
-3026
-2225
-1521
-999
-564
-453
-269
-204
-144
-192
-255
-308
-138
396
1127
1742
2174
2573
2765
2723
2649
2238
2030
1948
2034
2259
2489
2819
3016
3262
3352
3241
3106
2898
2963
3062
3177
3476
3629
3417
3265
3180
3258
3506
3655
3831
3801
3787
3849
4036
4307
4487
4472
4271
3943
3371
2806
2245
1486
424
-396
-757
-1022
-1171
-1072
-678
-296
170
645
974
711
294
28
-456
-1011
-1375
-1638
-1694
-1742
-1877
-1937
-1987
-2208
-2567
-2719
-2939
-2965
-2701
-2562
-2159
-1884
-1707
-1433
-1216
-1352
-1605
-1783
-1810
-1985
-2132
-2193
-2517
-2732
-2791
-2877
-2645
-2386
-2135
-1469
-751
-207
625
1321
1822
2504
2881
2893
2806
2482
2493
2692
2947
3292
3355
3074
2996
3279
3530
3668
3817
3552
3062
2749
2186
1623
1019
381
71
-258
-493
-588
-974
-1356
-1620
-1941
-2018
-2049
-2010
-1933
-1921
-1960
-1989
-2017
-1952
-1854
-2201
-2696
-2877
-2836
-2423
-2111
-2058
-1755
-1900
-1913
-1759
-1707
-1112
-872
-749
-572
-566
-279
80
318
556
756
860
977
766
758
994
1246
1223
1162
964
648
694
499
320
50
-360
-609
-664
-1062
-1365
-1612
-1978
-2227
-2598
-2653
-2954
-3347
-3574
-3972
-4408
-4692
-4924
-5054
-5038
-4905
-5083
-5360
-5411
-5306
-4888
-4525
-4114
-3852
-3770
-3637
-3700
-3881
-3807
-3881
-4218
-4400
-4457
-4408
-4135
-3984
-4297
-4707
-5242
-6027
-6641
-6851
-6481
-5495
-3996
-2452
-1241
-75
1043
2245
3315
4084
5127
6004
7450
9770
12056
13911
14922
15152
14942
15060
14989
14210
13154
11849
10604
9519
8272
6662
5070
2865
1743
2086
1557
489
-921
-1805
-1697
-1048
-396
-45
308
747
1505
2213
2747
3248
3457
3666
4119
4314
4964
5849
6601
7194
7608
7979
8069
8402
8272
7960
8160
7830
7571
7489
7223
6878
6273
5640
4740
3457
2270
986
-91
-986
-2040
-2989
-3850
-4462
-4873
-5360
-5810
-6461
-7454
-8271
-8869
-9342
-9615
-9395
-8993
-8512
-7808
-7213
-6608
-5854
-5364
-4866
-4582
-4574
-4365
-4155
-3759
-3212
-2473
-1671
-887
-112
235
349
345
110
89
-80
-446
-341
-356
-278
57
-211
-837
-1558
-2211
-3173
-4038
-4542
-4648
-4227
-3746
-3860
-4518
-5326
-5949
-6408
-6899
-7145
-6543
-5764
-5402
-5261
-5371
-5448
-5525
-5493
-4858
-4261
-3597
-2747
-1936
-1252
-1067
-505
261
245
-350
-991
-1213
-1300
-1466
-704
611
1881
2942
2935
2034
870
-42
-468
-1102
-1543
-1326
-153
3149
7496
9618
6937
-239
-8899
-15004
-15949
-12211
-6188
-262
4235
7766
10390
11417
10725
8159
4870
1919
-613
-1983
-2706
-2856
-2519
-1689
-84
2107
4612
6614
7917
9008
9847
10328
10120
8812
7288
5849
5085
4814
4199
3471
2835
2124
1057
-110
-1222
-1866
-2244
-3095
-3578
-3217
-2791
-2077
-892
-42
19
-118
-110
625
1639
2465
3171
3302
3243
2567
1669
1003
738
421
-813
-2046
-2352
-2026
-2046
-2334
-2132
-1059
570
1999
2696
2956
3043
2309
1015
-108
-909
-1845
-2858
-3807
-3889
-3695
-3981
-4253
-4366
-4698
-4446
-3410
-2321
-1118
-539
-109
435
896
2258
3931
4333
3477
3023
3088
2734
1569
-731
-3534
-6097
-8061
-8560
-8324
-7498
-6398
-4900
-2353
231
2194
3082
2930
2222
1658
2066
2655
2762
2905
2644
2626
3222
4675
6991
8271
8111
6605
4485
2669
1092
238
407
651
107
-1333
-2591
-3154
-2981
-1893
-1220
-1528
-2336
-3776
-4752
-4884
-3555
-828
1733
3686
4955
5785
6019
5763
4999
3617
3218
3823
4324
4290
3829
4182
4906
4288
2606
780
-1199
-3679
-5342
-5258
-3807
-3380
-4377
-4190
-2644
-2047
-2959
-4496
-5942
-7650
-8500
-7292
-6288
-7010
-8227
-8889
-8808
-7282
-4705
-2402
-558
545
781
1180
2368
4263
6590
7314
5192
1519
-1011
-284
2542
4616
5032
4635
4151
3611
2694
1859
1625
1935
2494
2901
3429
4438
4946
4060
2284
284
-1366
-2151
-2686
-3482
-3186
-1529
1510
3998
2206
-2103
-4133
-2947
-930
738
2061
3249
4638
4657
2721
76
-2127
-3165
-3056
-2226
-1459
-1711
-1824
-1419
-1888
-1729
190
1720
2881
5094
6276
5691
5992
6315
3417
-2042
-6657
-7888
-7357
-6599
-5264
-4059
-3316
-2345
696
3683
2805
679
1132
2882
3738
4415
5738
5637
2513
-1288
-3899
-5430
-6280
-5858
-3966
-1724
-252
175
-13
647
1932
1408
-1094
-3771
-5239
-6250
-6697
-5445
-4525
-3263
101
3774
4953
3482
3030
4576
5021
3193
763
-137
1082
1763
652
-670
-1688
-1735
1128
6994
12878
14497
11165
6578
3183
1124
219
-992
-2878
-5304
-7808
-9048
-9284
-9357
-9456
-9400
-8295
-5082
-1972
-2112
-2948
-1441
1426
3860
3818
830
-2089
-1465
1745
4420
5879
8052
10502
11031
8939
5646
3679
4463
4354
-200
-4815
-4880
-3229
-2442
-2953
-4747
-6381
-7314
-8680
-10844
-11486
-9146
-6098
-4239
-2886
-781
2118
5381
8197
9579
8962
6624
3874
2615
2802
2675
2754
4228
4798
4374
5034
5700
4858
3157
1924
2017
1479
-1936
-6952
-9727
-7775
-2528
1188
2068
1660
-796
-3757
-3607
-767
356
-3543
-9564
-11454
-8236
-6160
-8157
-9569
-8683
-7395
-5034
-2257
-409
321
65
-893
-2700
-2397
2747
9036
12479
13410
13454
12289
9195
5895
4431
2751
-3010
-9157
-11331
-7857
25
5782
5671
3516
3863
4928
3222
-186
-1082
1545
2981
247
-3358
-5940
-8342
-9843
-9376
-6005
-492
3518
5158
5405
4017
1477
-2795
-7129
-8245
-5599
-609
4019
5119
4206
5097
6474
6748
5578
3325
2380
3835
6729
8005
6656
6383
8621
8540
5328
2448
-1216
-7321
-13125
-14481
-10992
-6331
-4071
-3984
-4608
-5888
-7525
-8801
-8318
-5533
-2708
-995
1588
5414
8335
9039
8224
7542
7866
8279
7724
6494
5039
3591
3288
3663
3025
500
-2026
-2682
-2800
-2517
-1978
-2148
-2941
-4130
-4684
-4735
-5918
-7769
-8839
-8741
-7342
-5767
-4598
-5092
-7259
-7533
-5509
-3835
-3689
-3441
-1597
1580
4469
5223
4969
5705
6645
7027
7716
9224
10788
10777
9707
9337
9769
9983
9575
8788
8722
10109
11659
11123
8177
4530
1445
-704
-2310
-3400
-3936
-3816
-2705
-707
710
560
-149
-884
-1472
-1470
-2417
-4248
-5861
-7131
-7643
-6920
-5808
-5426
-5437
-5098
-4037
-3819
-4753
-5228
-5260
-5463
-5752
-5546
-4578
-4024
-4276
-4264
-3626
-3165
-2658
-1730
-797
-821
-1701
-1981
-860
1024
2831
3579
3582
4319
5185
4728
2040
-1812
-4926
-6330
-5526
-3502
-504
2020
3407
5030
6845
7403
6416
4992
3787
2449
-582
-5262
-9260
-10394
-8789
-5610
-2262
408
2629
5206
6907
6028
3023
152
-1648
-2763
-3585
-3951
-3668
-2176
445
2992
4537
4596
3062
596
-1251
-1431
-60
2367
3947
3747
1620
-1402
-3988
-5590
-6088
-5958
-6462
-7247
-6733
-5106
-2357
1232
4764
7190
8703
8929
7608
5527
3343
1864
1043
677
1309
2428
2310
1152
-228
-870
-856
-733
-81
-625
-2307
-3613
-4236
-4386
-3393
-1648
-725
-1618
-2932
-3217
-3458
-3120
-1713
515
3054
4607
3737
776
-2980
-6249
-7593
-6485
-3903
-1820
-649
232
1859
3284
2825
1625
655
-77
16
203
73
354
859
1298
2183
3671
4594
4208
2676
747
-576
-682
-290
-71
-543
-1741
-2716
-2710
-1765
-547
-314
-1047
-1082
-53
940
2432
4353
5074
4568
4228
4253
4057
2899
349
-2472
-4132
-4505
-4369
-4511
-4235
-4269
-4533
-4263
-4538
-5489
-5830
-4356
-1965
264
1951
3255
4618
6151
6800
6615
6254
5590
4299
2489
483
-2094
-4180
-4608
-3675
-2592
-1592
-634
406
1768
3565
5631
7328
8149
8668
9909
11597
12462
12341
12105
13103
15913
20823
26886
31583
31390
24070
11077
-4250
-18969
-29964
-32767
-32711
-32765
-32767
-32765
-32766
-32598
-31611
-30007
-29331
-28458
-25796
-21328
-15140
-9197
-5015
-1965
534
3874
8268
12612
16705
20028
22423
24075
25015
25067
24372
22810
19990
16882
14292
12055
9866
7950
5856
3468
1226
-733
-1634
-1950
-1539
-794
-424
-297
-404
-518
-542
-755
-1407
-1960
-1991
-1497
-719
-96
651
1017
1162
785
-551
-1733
-2172
-2256
-2161
-2394
-2574
-2706
-2483
-2122
-1990
-1659
-1445
-1119
-618
-76
521
950
1071
809
421
-315
-1052
-1731
-2363
-2771
-2673
-2089
-1546
-1195
-627
-154
264
761
901
788
712
797
725
276
-603
-1034
-1161
-1074
-698
-819
-965
-1167
-1026
-451
30
238
56
-144
-235
-87
104
298
731
865
841
1058
1365
1908
2415
2795
3003
3075
3065
3293
3731
3710
3693
3634
3417
3164
3024
2597
2210
1684
983
502
32
85
168
259
588
1035
1728
2303
2865
3045
2958
2765
2357
1705
790
-309
-948
-1353
-1616
-1721
-1993
-2052
-1761
-1069
-882
-1192
-1321
-1339
-1138
-1116
-1288
-1050
-162
911
2083
2755
3096
3153
3183
2937
2101
1233
734
786
1513
2517
3509
4499
4942
4900
4628
4145
3632
3203
2763
2446
2779
3211
3805
4197
4243
4353
3977
3320
2612
1770
1159
522
-30
-688
-1401
-1784
-2367
-3111
-3702
-4352
-4782
-4939
-5582
-6094
-6184
-6092
-5822
-5713
-5339
-4956
-4731
-4594
-4589
-4531
-4584
-4497
-4476
-4486
-4168
-4022
-3725
-3343
-2987
-2334
-1811
-1151
-628
-381
-103
-62
85
15
27
33
164
466
776
1064
1223
1490
1880
1991
2144
2271
2109
1772
1552
1278
820
450
84
-134
-197
-564
-749
-1179
-1684
-1865
-2094
-1902
-1464
-1241
-1178
-1352
-1633
-1689
-1706
-1753
-2042
-2021
-1688
-1439
-939
-817
-623
-293
-158
208
556
508
411
417
338
346
214
247
256
49
193
232
245
37
-208
-485
-461
-74
-66
-52
-95
-279
-178
-56
160
309
406
469
560
631
735
641
636
485
155
134
-118
-291
-484
-850
-962
-1342
-1548
-1714
-2303
-3059
-3809
-4293
-4892
-5633
-6365
-6911
-7167
-7787
-8076
-8470
-9121
-9053
-9155
-9311
-9282
-9215
-9087
-8913
-8385
-7729
-6802
-5705
-4561
-3384
-2188
-1138
96
1250
2524
3784
4919
5822
6257
6582
6893
7217
8043
8776
9370
10006
10496
11040
11799
12606
13114
13273
13317
13385
13566
13424
13039
12583
11857
11120
10383
9454
8895
8119
7091
6244
5522
4986
4377
3714
2972
2322
1701
1028
282
-437
-892
-1156
-1395
-1583
-1710
-1989
-2191
-2504
-2746
-3103
-3534
-3835
-4126
-4057
-3792
-3404
-3035
-2924
-2800
-2822
-2889
-2986
-3376
-3672
-3859
-3907
-3633
-3420
-3373
-3305
-3211
-3297
-3052
-2586
-2470
-2301
-2012
-1822
-1614
-1327
-1484
-1952
-2370
-2625
-2816
-3235
-3637
-4166
-4608
-4582
-4453
-4102
-3890
-3798
-3534
-3336
-3056
-2734
-2480
-2479
-2724
-2873
-3190
-3248
-2917
-2599
-2026
-1536
-1332
-969
-833
-732
-641
-782
-870
-937
-952
-1048
-990
-833
-570
105
699
1032
1081
825
470
49
-423
-852
-1036
-773
-497
-114
357
788
994
1195
1554
1960
2312
2612
3290
3964
4321
4440
4253
3786
3518
3391
3206
3354
3549
3707
4058
3937
3325
2360
1398
1065
803
638
224
-254
-668
-1065
-1077
-1287
-1676
-2602
-3807
-4779
-5202
-5468
-5836
-6060
-5954
-5495
-4786
-3786
-3201
-2596
-2084
-1588
-643
395
2080
3823
5160
5744
5664
5168
4394
3452
2070
271
-1338
-2670
-3709
-3945
-3857
-3415
-2361
-1077
340
1370
2202
3026
3946
4261
4461
4838
5484
6350
6898
6827
5845
4407
2751
1215
-95
-625
-488
-387
-286
-592
-932
-757
-28
1432
3028
4301
4421
3420
2175
1298
1154
1297
1269
1184
874
511
506
557
1387
2576
3259
3005
928
-1891
-4443
-6236
-6189
-4853
-3048
-1123
202
1040
983
377
336
743
1538
2602
3337
4079
4763
5172
5217
5005
4496
3960
3307
2567
2065
1786
2126
2841
3529
3691
2978
1752
212
-1129
-2199
-2708
-2974
-3420
-4277
-5949
-7831
-9078
-9485
-9164
-8679
-8415
-7833
-7485
-7517
-7327
-6963
-6038
-5306
-4742
-4230
-4236
-4414
-4728
-4749
-3963
-2430
-525
612
982
1084
809
853
990
957
1235
2105
3671
5161
5886
6241
5978
5027
3905
2654
1741
914
345
-115
-264
241
829
1417
1575
1820
2271
2895
3257
2862
1799
215
-995
-1780
-2134
-2133
-2120
-1794
-1478
-1216
-913
-717
-522
154
628
627
455
277
959
1465
977
157
-683
-1393
-1650
-1447
-900
-75
850
1543
1833
1660
1391
1455
1761
2297
2801
2598
2622
2390
1079
827
1706
2297
2689
2753
3044
3588
3675
3284
2708
2019
1577
1500
1908
2233
2223
2034
1608
1138
863
867
1111
1449
1445
1302
971
554
238
-131
-607
-1090
-1785
-2096
-1874
-1668
-1373
-1294
-1209
-1117
-819
-448
-36
180
125
102
-186
-580
-632
-540
-765
-1022
-1245
-1384
-1225
-1129
-1061
-986
-798
-850
-1075
-1253
-1499
-1380
-1413
-1482
-1614
-1972
-2237
-2179
-1784
-1124
-396
-105
-119
-195
61
475
605
586
449
577
827
692
408
61
-296
-597
-749
-978
-908
-779
-926
-723
-353
-226
-94
22
-115
-160
-43
-248
-285
-26
431
850
1006
1225
1237
658
-227
-972
-1619
-2310
-2514
-2574
-2681
-2660
-2393
-1897
-1686
-1718
-1716
-1310
-973
-837
-922
-1094
-966
-948
-711
-369
-162
150
192
248
445
493
598
501
94
61
174
-102
-520
-583
-816
-1084
-930
-1146
-1262
-1234
-1537
-1742
-1958
-2217
-2357
-2361
-2486
-2862
-3141
-3357
-3533
-3465
-3483
-3521
-3414
-3318
-2874
-2281
-1802
-1533
-1544
-1723
-2764
-4179
-5497
-6647
-7004
-7212
-7752
-8244
-8752
-9357
-9960
-10270
-9950
-8782
-7275
-6263
-5714
-4544
-1915
2802
9210
16466
23855
30183
32766
32565
30987
25914
18439
12421
7478
4101
2743
2194
2867
3770
3917
3467
2075
142
-1756
-3335
-4335
-4733
-4231
-3211
-1993
-1050
-488
-70
-17
2
-175
-272
-331
-475
-454
-622
-912
-1197
-1597
-1665
-1586
-1421
-1240
-1050
-634
-23
941
2127
3343
4695
5988
6875
7571
7950
8175
8216
7787
7093
6348
5279
4207
3031
1881
980
293
-546
-1282
-1441
-1098
-237
935
2225
3134
3910
4479
4923
4680
4403
4319
4480
5015
4921
4743
3950
2503
523
-1528
-2824
-4114
-4813
-5763
-7133
-7919
-8558
-9305
-9892
-10741
-11293
-11904
-12939
-12807
-11887
-10990
-10365
-10171
-10445
-10891
-10906
-10891
-10960
-10536
-9603
-8585
-7969
-8126
-8368
-8343
-7709
-6599
-5409
-4269
-3935
-4601
-5512
-6165
-6458
-5921
-4406
-2429
-936
-245
-311
-761
-599
489
2162
4155
5573
5870
5467
4798
3673
2552
2051
2270
3195
4009
4520
4635
4415
3778
2806
2506
2651
2739
2343
1152
-244
-1016
-748
954
3406
5300
5779
4992
3913
2996
2451
2255
2326
2850
3563
4507
5690
6393
6434
5725
4509
3576
3174
3155
2976
2600
1972
943
-30
-240
972
3135
4982
5917
6053
5499
5019
5117
5072
4458
3530
2451
1311
37
-1023
-1335
-712
912
2663
3763
4183
3475
1816
271
-770
-1136
-482
252
141
-635
-1332
-1309
-323
1058
2504
3986
4814
4701
3537
2000
1339
1203
-141
-2547
-5038
-6925
-8423
-9665
-9880
-8310
-6166
-4785
-3579
-2543
-1661
-775
-326
-577
-910
-1272
-2084
-2368
-2337
-2265
-2534
-2703
-1719
-477
751
1760
2396
3097
3302
2346
992
78
-1227
-2855
-3761
-3699
-1974
312
1252
1068
97
-609
-492
-332
-841
-1886
-3009
-3664
-3414
-3522
-4381
-4454
-3727
-2858
-2322
-3167
-4242
-4671
-5167
-4702
-2762
-312
1632
3134
4124
4693
5590
6886
6943
5114
3156
1707
272
-421
-588
-857
-1826
-3712
-4590
-4302
-4159
-3917
-2918
-1327
285
1011
85
-1570
-2689
-3501
-3609
-2746
-2493
-2505
-711
1957
3904
5560
6703
6996
7612
8175
7401
5320
2411
544
515
1070
1983
3687
5781
7163
7634
7209
5863
3805
2047
2151
3666
4859
4546
3907
4175
3607
724
-2404
-3788
-3755
-2712
-1416
-344
327
562
164
-1533
-3845
-6282
-8336
-8317
-6342
-3721
-2117
-2518
-3516
-3395
-1579
329
-18
-1336
-1099
296
2189
3835
4775
5629
6195
6206
5066
2307
-663
-1846
-681
1019
1724
1419
1558
2054
697
-2107
-3920
-4171
-4636
-4630
-2872
-1007
-96
11
-1217
-3634
-5617
-5566
-2506
819
2651
4440
5551
5138
4132
4466
5949
4922
1484
-1821
-3736
-3784
-2429
-211
1277
1964
2082
938
-289
-1420
-2494
-2939
-3073
-2208
-1603
-3167
-5004
-5028
-3333
-1297
865
2579
2566
-79
-2730
-2769
-2352
-2221
-2526
-2803
-1407
1141
2595
2224
518
-2035
-3786
-3020
624
3585
4409
4693
3286
437
-1839
-3282
-2695
-985
-254
-946
-1038
775
2082
1679
1029
619
195
-415
-2141
-5016
-7139
-7432
-6815
-6177
-5851
-5282
-4509
-4327
-3323
-925
1934
4039
4334
3543
2985
3680
5250
6542
6874
5814
4386
3081
2025
2208
3072
4928
6674
6805
6789
6973
6477
4516
1407
-2798
-6716
-8550
-8590
-7541
-6291
-4812
-3095
-1593
-206
413
-363
-1512
-2232
-2508
-2069
-904
-203
-1251
-2261
-2247
-2042
-648
755
517
201
-632
-2384
-2866
-817
3587
7888
9907
9138
6058
2697
57
-1975
-2352
-954
1367
3520
4109
3171
3281
5271
5307
2478
-1460
-5044
-7059
-7112
-4441
-787
694
-496
-1815
-1387
-1066
-2031
-2488
-621
2942
6450
8104
7614
4323
-349
-1896
-356
583
128
-998
-2737
-4108
-2804
-558
-10
196
-177
-2129
-4350
-5139
-4506
-3319
-1881
-709
-1205
-3357
-3899
-1535
1535
3925
4899
4603
3865
2612
1544
1359
1782
2080
1770
1836
1933
874
301
2100
5216
5699
3848
4714
6869
5506
331
-3914
-3571
190
3322
3096
1485
161
-1184
-1766
-2040
-3187
-3695
-3319
-4196
-6094
-7329
-7676
-6978
-6620
-9486
-12011
-9819
-4492
799
2950
660
-2225
-2394
-1501
-3263
-6114
-6234
-4431
-3391
-2261
226
2525
870
-4202
-6425
-2182
4953
10373
12572
10662
7661
8550
13699
18508
18910
13353
3989
-2804
-3780
-2786
-3007
-3896
-4874
-5127
-4709
-2948
1078
5436
7135
5976
3501
999
-450
-718
-636
-797
-2110
-4862
-6425
-4937
-2271
-2380
-5731
-7968
-6705
-3278
502
2092
362
-2674
-3860
-1934
984
1991
671
-336
621
2756
5643
7349
6457
4443
3006
2460
2382
1696
612
-843
-3168
-5418
-7311
-8397
-9024
-9911
-10289
-8628
-4758
-726
1490
1221
-533
-1555
-1058
141
1693
2144
1428
985
1311
2487
4478
6738
7954
7051
4063
-72
-2713
-2532
-550
2481
4892
6271
6776
6590
6799
7191
7299
6771
5836
5107
4382
3121
1204
-915
-2291
-2810
-3244
-3363
-2689
-1630
70
1895
2133
188
-2890
-4481
-3580
-1970
-1257
-2214
-3606
-3920
-2808
-806
795
847
442
226
98
336
-547
-2703
-4864
-5918
-5693
-4922
-4516
-4951
-5790
-6293
-5725
-4079
-2442
-2020
-2994
-4812
-6329
-6994
-6206
-4044
-726
2163
3303
3598
3103
2443
1977
791
-49
431
1277
2302
3217
3589
2971
2270
2385
2441
2367
2168
868
-759
-1128
355
2613
3541
2635
-254
-3310
-3324
784
5819
7969
6095
2262
-1122
-2975
-3907
-4526
-4400
-2983
-450
1942
3802
5060
5231
3910
1973
491
-571
-1093
-840
155
1499
2225
2179
891
-1491
-3263
-3615
-2718
-1553
-1272
-1360
-1205
-1726
-2149
-2211
-1866
-1030
-1375
-3205
-4023
-1954
1155
3184
4782
6316
6991
6187
3987
1022
-1606
-3216
-3643
-3232
-2501
-1386
-660
-1118
-1690
-1211
-59
4
-1137
-3030
-4648
-4200
-1990
671
2800
3759
3701
3278
2764
2733
2704
1269
-1091
-2722
-3216
-2079
643
3443
5403
5882
4507
2189
-227
-3055
-4602
-3744
-2181
-637
972
2127
2387
2051
1538
824
329
905
2304
4407
5894
6159
6547
7066
7583
8371
8890
8174
7104
6954
8993
13061
17851
20946
20190
14724
4292
-9471
-22709
-31456
-32764
-32767
-32762
-32544
-31347
-29517
-28895
-28898
-28166
-25357
-20395
-14636
-9203
-6011
-5300
-5106
-3805
-834
3512
8213
12860
17240
20724
22535
22887
23025
22908
22494
21577
19858
17417
14226
11279
9079
7297
5727
4791
4372
4041
3734
3244
2057
896
214
688
2328
2944
1951
-541
-2834
-3969
-4639
-4345
-1837
1505
3285
3576
2727
1778
1111
54
-1555
-3816
-5982
-6953
-6535
-4546
-2115
-520
415
461
-213
-1099
-1894
-2594
-2672
-1969
-781
617
1957
2382
1263
-565
-2791
-4982
-6166
-6134
-4989
-3167
-1313
317
1427
1588
700
-843
-2342
-3182
-3174
-3011
-3395
-3838
-3921
-3504
-2603
-2158
-1978
-1903
-1669
-1364
-1167
-783
-685
-139
686
1115
1170
613
282
270
605
1207
2470
4447
6490
7688
8008
7245
5561
3739
1704
-334
-1895
-2855
-3165
-2632
-1864
-748
498
901
618
370
337
748
1187
1341
1473
1552
1431
1105
851
438
392
1183
2340
3258
4032
4864
5362
5522
5447
4929
4463
3927
3061
2326
1804
1782
2639
3758
4275
4525
4009
3465
3280
2937
2821
3361
3523
3023
2046
308
-1528
-3284
-4712
-5203
-4609
-2635
128
2781
4881
5210
3464
490
-2939
-5545
-6840
-7341
-6937
-5430
-3459
-1334
657
1800
2147
1671
425
-563
-1100
-1710
-2417
-2956
-3134
-2867
-1867
-823
120
897
1156
1373
1339
1054
761
313
-130
-525
-732
-1015
-868
-322
-320
-379
-377
-372
-253
-105
226
776
1537
1976
1685
553
-926
-1980
-2467
-2820
-2701
-1999
-1314
-583
145
472
264
-69
-789
-1602
-2080
-2297
-2282
-2115
-1998
-1540
-688
282
1125
1414
1281
1006
830
720
485
-120
-486
-452
-160
127
341
58
-340
-607
-1074
-920
-201
628
1279
1352
1200
832
300
-194
-726
-1126
-1484
-1689
-1712
-1704
-1239
-802
-367
-2
192
190
-127
-580
-1387
-1690
-1503
-999
-329
-66
32
-245
-687
-1114
-1329
-1489
-1486
-1491
-1146
-227
837
2089
3127
4165
4662
3993
2710
1026
-380
-1412
-1956
-1571
-807
684
2162
2576
2358
1629
813
-272
-1579
-2547
-2896
-2709
-2378
-2341
-2474
-2772
-3296
-3979
-4845
-5273
-5524
-5869
-6020
-6726
-7767
-8686
-9338
-9042
-8365
-7348
-5802
-3975
-2523
-1480
-872
-998
-1785
-3001
-4110
-4699
-4073
-2757
-1330
-63
703
1247
2035
2810
3578
4209
4617
4711
4618
4299
4157
4188
4449
5138
5708
6023
6146
6002
5988
6282
6654
7103
7285
7124
6983
6855
6396
5790
5279
5020
5453
5586
5854
6382
6121
5383
4135
2600
1311
537
764
1619
2579
2833
2562
1704
636
-227
-1102
-1428
-1583
-1694
-1622
-1468
-1407
-1159
-856
-621
-952
-2018
-2984
-3523
-3386
-2718
-1984
-1264
-906
-1195
-1946
-2563
-2847
-2543
-1862
-1321
-683
-776
-1457
-1552
-1528
-1622
-1576
-1947
-2403
-2323
-2268
-2593
-3006
-3041
-3090
-3483
-3408
-2984
-2761
-2334
-2591
-3236
-3595
-3737
-3297
-2542
-1777
-858
148
1237
2182
2274
1335
-180
-2018
-3759
-4578
-4366
-3000
-681
2064
4105
4731
3846
1811
-456
-2431
-3564
-2943
-869
1312
2949
3050
1798
201
-1453
-2626
-2866
-2482
-2007
-1397
-1002
-399
504
877
700
244
440
1122
1861
1926
1021
94
-6
431
816
1332
1910
2574
3038
3034
2815
2171
1804
1411
956
1047
1037
1012
1254
1214
1174
1462
1497
1304
1571
1747
1777
2011
2110
2486
2816
2691
2082
897
-695
-2198
-3187
-3310
-2087
95
2442
4616
5993
6130
5385
3564
891
-1765
-3426
-3901
-3697
-2523
-1029
-692
-1160
-2430
-4234
-5412
-5846
-5250
-3828
-2349
-1060
-357
-386
-1005
-1598
-1969
-2529
-2887
-2870
-2369
-922
899
2393
3660
4210
4283
3865
3242
2788
2697
2365
1427
318
40
785
1726
1954
592
-1640
-3629
-4828
-5100
-3840
-1604
861
2885
3825
3603
2443
959
-330
-1536
-2447
-3083
-3066
-2573
-2035
-1065
541
3276
6389
8888
9764
8720
5801
1735
-2172
-5750
-8215
-8811
-7792
-5609
-2663
-148
1377
1747
1184
470
248
611
1208
2354
3191
3015
2157
758
-548
-1129
-826
-120
1327
2958
4936
6828
7421
6498
4035
680
-2929
-5589
-6500
-5952
-4511
-2479
-220
1708
3010
3562
3208
2702
2369
1690
931
-107
-993
-1188
-1032
-1230
-1663
-2338
-2569
-1922
-921
-205
-241
-719
-1296
-1974
-2337
-2538
-2679
-2968
-3571
-3897
-3922
-3655
-3548
-3853
-3934
-3083
-1156
629
1965
2556
2584
2721
2865
3105
3369
3166
2850
2201
1501
862
-236
-1574
-2216
-1420
700
3338
5972
7212
6726
5039
2379
387
-777
-1138
-846
-411
-318
-827
-1768
-3009
-3466
-2575
-1215
-374
39
301
315
334
-555
-2332
-3633
-4185
-3529
-1685
321
1751
2719
2829
1779
-187
-2525
-4475
-6060
-6741
-6218
-5295
-3899
-2094
73
2174
3461
3575
2127
-397
-3091
-5091
-5739
-4705
-1876
962
2918
3842
3458
2129
364
-1123
-1558
-853
275
1860
3175
2943
1284
-934
-2831
-3292
-2119
-649
1571
3834
4803
4940
3740
1993
580
-542
-550
308
1681
3316
4774
5479
4950
3268
947
-867
-1442
-1283
-639
575
1966
3258
4087
3915
3118
1895
1156
1089
774
320
330
978
1877
2444
2686
2334
2031
1577
870
227
-598
-751
-893
-1244
-1381
-1637
-2041
-2455
-2075
-1199
-487
-31
-352
-643
-776
-1205
-1842
-2774
-3586
-3406
-2453
-1310
-363
780
2269
3703
4188
2710
392
-1952
-3566
-4164
-3934
-3088
-1603
341
1864
2596
2676
2659
1756
22
-2292
-4544
-5718
-5967
-5168
-3024
-125
2576
4494
5144
4237
2260
59
-1883
-3093
-3716
-3174
-1725
-68
1607
2982
4069
5200
5836
5574
4417
2830
1522
791
933
1387
1531
1761
2082
2284
2465
2552
2592
2948
2935
2481
1467
235
-365
-451
-793
-1584
-2677
-3481
-3375
-2481
-1052
277
1566
2183
1870
679
-938
-2309
-2537
-1744
-1067
-1070
-1756
-2563
-3893
-5471
-6882
-7551
-6586
-4521
-2557
-1416
-1362
-1885
-2294
-2903
-3546
-4069
-4282
-4048
-4004
-4367
-4633
-4795
-4834
-4354
-3559
-2859
-2450
-2315
-2644
-3353
-3790
-3478
-2622
-1116
205
688
4
-1939
-4593
-7403
-9451
-10704
-11161
-10817
-9845
-8254
-6209
-3727
-1765
-872
-1543
-3002
-4018
-3992
-2483
-118
2369
4815
7313
9705
11493
11862
10830
9871
9608
9727
10306
11017
11119
10826
9951
8748
7479
6319
5508
5389
5827
6112
6100
5579
4184
2501
855
-584
-920
-275
1004
2561
3890
4755
5033
4954
4570
4147
3925
4309
5201
5903
6166
5881
5408
4932
4048
2822
1543
1241
2283
4315
6931
9029
9851
9637
8909
7745
6000
3581
899
-1295
-2372
-2593
-1981
-554
966
2311
2841
1836
-72
-2430
-4801
-6502
-7325
-7266
-6712
-6347
-6417
-7004
-7564
-7821
-7996
-8095
-7997
-7651
-7128
-6254
-4981
-3601
-3094
-3849
-5173
-5979
-5683
-3985
-1496
239
654
76
-403
-476
-681
-1049
-1508
-1691
-1904
-2251
-2753
-3751
-4955
-6215
-7414
-8663
-9367
-9068
-7926
-6164
-4244
-2299
-1340
-1459
-2191
-3459
-5220
-6807
-7711
-7670
-6300
-4372
-1990
873
3078
4018
3559
1967
-923
-4120
-5733
-5453
-3747
-1808
-131
1455
2841
3745
3544
2570
1548
890
1426
2358
2903
2848
2002
1706
1986
2239
2148
1225
-156
-1568
-2816
-3199
-2075
102
1808
2176
1696
678
-369
-509
127
1081
2278
3149
3813
4251
4442
4062
3526
3694
3600
3257
3105
2710
1767
853
-238
-1180
-1562
-1172
460
2957
5236
6227
5348
3555
2044
1141
948
283
-531
-988
-814
532
2044
3371
4686
5294
5891
6445
6421
5636
4225
2318
1018
1025
1516
2855
4701
5465
4704
2742
247
-2049
-3945
-5074
-4667
-2678
114
3463
6391
8020
8090
7079
5234
2795
324
-1805
-3033
-3537
-3427
-3388
-3641
-3443
-2978
-2406
-2496
-4170
-5365
-5205
-5270
-5578
-6338
-7354
-7590
-7451
-7347
-6780
-5035
-2298
33
894
1143
1055
322
-973
-1788
-797
882
1953
2096
1125
566
719
691
965
1817
3658
6093
7604
7254
5314
2925
1263
1169
1900
1880
1195
565
-19
-305
-938
-2678
-4456
-4823
-3783
-2196
-1522
-2348
-3219
-3137
-2618
-2497
-2723
-2957
-3123
-3411
-3332
-2369
-1861
-1872
-1173
938
2060
1301
214
-368
-1265
-2074
-1250
428
3054
6285
8002
7218
5912
5968
6324
6831
7697
9098
10113
9534
8416
6974
5764
4735
2217
-1391
-4474
-6953
-9404
-10997
-12019
-11444
-7686
-3213
-1468
-3412
-6111
-6414
-4482
-2779
-3150
-5050
-6885
-8282
-8855
-7682
-4567
39
4975
8650
8980
6588
3330
1284
1552
2324
1981
771
-806
-1713
-1230
294
1733
1760
1339
1653
1909
1183
-493
-2451
-4770
-6128
-4424
-479
2137
1922
508
53
135
-19
95
716
1743
2809
3785
4335
3622
2398
1399
-976
-3630
-4363
-3493
-1585
432
2624
5352
7560
8873
9624
8334
4761
342
-3351
-5211
-4433
-1480
2209
5233
5747
5474
7377
8350
5791
1202
-3613
-6840
-6854
-4336
-2189
-1811
-1693
-599
-94
-1023
-1381
-37
1820
3577
5446
5853
2967
-1615
-4757
-5790
-6453
-7049
-5950
-2878
-20
483
-634
-1550
-2254
-3096
-3103
-3252
-4662
-5713
-5552
-3431
882
4544
5484
4709
3175
1087
-914
-2392
-3909
-5318
-6475
-6388
-3438
-550
285
1936
4961
8176
11708
14006
12539
7764
2426
-2080
-6983
-9616
-7645
-4696
-4261
-4661
-2154
2787
6703
9504
13235
14379
9085
1246
-3824
-6499
-8413
-9089
-6976
-2598
860
2287
2437
688
-2478
-6182
-9199
-9445
-6592
-1358
5147
11417
15663
15943
11961
6431
2756
1960
2989
3768
4064
2567
-3768
-11671
-15852
-15537
-14242
-14668
-13612
-8936
-3156
176
1890
3962
5103
4372
2249
774
1799
3789
4175
779
-5071
-9297
-9934
-8674
-5407
875
8047
12828
13449
11509
8754
5566
2437
307
-1017
-2162
-2409
-1430
-30
-841
-4828
-6338
-1891
4041
6675
7968
10099
10868
9592
6940
4147
2474
-3
-3774
-5390
-4655
-5206
-7039
-7453
-7176
-8286
-8491
-5937
-3638
-3546
-3062
-507
2997
5514
4968
3557
4361
4747
3852
3660
5028
7114
6568
5215
6036
4948
-107
-4928
-6546
-4519
-1187
856
1942
1879
56
-3783
-7607
-8730
-7284
-3730
213
2420
2730
94
-5414
-10199
-10828
-7551
-3507
-1188
825
2394
1587
1372
2516
1719
327
2408
6542
8383
6409
2033
-2179
-4691
-6500
-8361
-10183
-10501
-7173
-2128
1347
4321
7755
10761
13439
14417
10964
4836
1574
2364
3629
3367
2200
813
-744
-3244
-5819
-6155
-4561
-2753
-908
-532
-3090
-5742
-6407
-6184
-6097
-5144
-1707
3633
8239
8871
5605
2760
2305
2456
1317
-1602
-4207
-5211
-4990
-4742
-5139
-4929
-3520
-2357
-3017
-4520
-5041
-4888
-5305
-5795
-4692
-2047
202
-15
-2684
-5639
-6726
-6008
-5160
-4637
-3582
-2033
-888
-170
633
2348
5078
8062
10800
12590
13419
14370
14918
13995
11848
9910
9195
8979
7678
4847
2684
2196
2355
2635
3263
4077
4665
4455
2911
1105
381
-80
-1060
-2700
-4520
-5485
-6282
-6710
-6333
-5832
-5492
-4538
-2676
-574
1386
2714
3212
2917
2760
4049
5076
3624
437
-2977
-5912
-7821
-9673
-11468
-12310
-12075
-10832
-8654
-6033
-4091
-2444
-249
2119
3432
3424
2803
2113
1588
643
-1452
-4226
-6278
-7132
-7151
-6782
-6059
-4622
-2754
-1194
-76
473
1199
2398
3520
4478
4537
3709
2738
3111
4610
5195
4322
2910
633
-2707
-4706
-3689
-418
3291
6393
9099
11087
11854
10566
6971
2282
-2240
-4560
-4413
-3064
-1003
597
1334
1484
995
606
1058
1718
1329
-382
-2789
-5132
-6282
-5844
-4468
-3089
-2012
-1357
-1668
-2527
-3131
-3042
-2252
-1193
-431
509
2330
3946
4125
3551
2998
3521
4378
3349
1718
1106
1200
1374
1599
2374
3079
2770
2271
1443
294
-996
-2416
-2805
-1895
-637
-31
-108
-368
-1492
-3442
-5019
-5952
-6176
-5527
-4341
-2775
-1584
-1512
-1186
20
1324
1882
826
-1398
-3352
-4530
-4936
-4540
-3617
-2916
-2222
-1379
-1092
-793
119
617
-5
-1433
-3343
-4593
-4365
-2547
214
1986
2757
3205
3519
3850
3045
951
-1636
-3514
-3159
-1701
-223
1286
2765
4532
6277
7038
6371
4404
2541
1249
506
99
-992
-2364
-3730
-4576
-4616
-4182
-2989
-2155
-1948
-1525
-1348
-835
216
1031
848
-372
-1069
-849
225
1987
2713
2413
2419
2383
1968
1413
1542
2169
2195
0
